0 332.461615 
1 332.412581 
2 332.363536 
3 332.314480 
4 332.265413 
5 332.216335 
6 332.167246 
7 332.118145 
8 332.069034 
9 332.019912 
10 331.970778 
11 331.921634 
12 331.872478 
13 331.823311 
14 331.774133 
15 331.724944 
16 331.675744 
17 331.626533 
18 331.577311 
19 331.528077 
20 331.478832 
21 331.429576 
22 331.380309 
23 331.331030 
24 331.281741 
25 331.232440 
26 331.183128 
27 331.133804 
28 331.084470 
29 331.035124 
30 330.985767 
31 330.936398 
32 330.887019 
33 330.837628 
34 330.788225 
35 330.738812 
36 330.689386 
37 330.639950 
38 330.590502 
39 330.541043 
40 330.491573 
41 330.442091 
42 330.392598 
43 330.343093 
44 330.293577 
45 330.244050 
46 330.194511 
47 330.144960 
48 330.095398 
49 330.045825 
50 329.996240 
51 329.946644 
52 329.897036 
53 329.847417 
54 329.797786 
55 329.748144 
56 329.698490 
57 329.648825 
58 329.599148 
59 329.549459 
60 329.499759 
61 329.450048 
62 329.400324 
63 329.350590 
64 329.300843 
65 329.251085 
66 329.201315 
67 329.151534 
68 329.101741 
69 329.051936 
70 329.002120 
71 328.952292 
72 328.902452 
73 328.852601 
74 328.802737 
75 328.752862 
76 328.702976 
77 328.653077 
78 328.603167 
79 328.553245 
80 328.503311 
81 328.453366 
82 328.403409 
83 328.353439 
84 328.303459 
85 328.253466 
86 328.203461 
87 328.153445 
88 328.103416 
89 328.053376 
90 328.003324 
91 327.953260 
92 327.903184 
93 327.853096 
94 327.802996 
95 327.752885 
96 327.702761 
97 327.652625 
98 327.602478 
99 327.552318 
100 327.502147 
101 327.451963 
102 327.401767 
103 327.351560 
104 327.301340 
105 327.251108 
106 327.200865 
107 327.150609 
108 327.100341 
109 327.050061 
110 326.999769 
111 326.949465 
112 326.899148 
113 326.848820 
114 326.798479 
115 326.748126 
116 326.697761 
117 326.647384 
118 326.596995 
119 326.546594 
120 326.496180 
121 326.445754 
122 326.395316 
123 326.344865 
124 326.294403 
125 326.243928 
126 326.193440 
127 326.142941 
128 326.092429 
129 326.041905 
130 325.991369 
131 325.940820 
132 325.890259 
133 325.839685 
134 325.789099 
135 325.738501 
136 325.687891 
137 325.637268 
138 325.586632 
139 325.535984 
140 325.485324 
141 325.434651 
142 325.383966 
143 325.333268 
144 325.282558 
145 325.231836 
146 325.181100 
147 325.130353 
148 325.079593 
149 325.028820 
150 324.978035 
151 324.927237 
152 324.876426 
153 324.825603 
154 324.774768 
155 324.723920 
156 324.673059 
157 324.622185 
158 324.571299 
159 324.520400 
160 324.469489 
161 324.418565 
162 324.367628 
163 324.316679 
164 324.265716 
165 324.214742 
166 324.163754 
167 324.112754 
168 324.061740 
169 324.010714 
170 323.959676 
171 323.908624 
172 323.857560 
173 323.806483 
174 323.755393 
175 323.704290 
176 323.653174 
177 323.602046 
178 323.550904 
179 323.499750 
180 323.448583 
181 323.397402 
182 323.346209 
183 323.295003 
184 323.243784 
185 323.192553 
186 323.141308 
187 323.090050 
188 323.038779 
189 322.987495 
190 322.936198 
191 322.884888 
192 322.833565 
193 322.782229 
194 322.730880 
195 322.679517 
196 322.628142 
197 322.576754 
198 322.525352 
199 322.473937 
200 322.422509 
201 322.371068 
202 322.319614 
203 322.268147 
204 322.216666 
205 322.165172 
206 322.113665 
207 322.062145 
208 322.010612 
209 321.959065 
210 321.907505 
211 321.855931 
212 321.804345 
213 321.752745 
214 321.701132 
215 321.649505 
216 321.597865 
217 321.546212 
218 321.494545 
219 321.442865 
220 321.391171 
221 321.339465 
222 321.287744 
223 321.236010 
224 321.184263 
225 321.132503 
226 321.080728 
227 321.028941 
228 320.977140 
229 320.925325 
230 320.873497 
231 320.821655 
232 320.769800 
233 320.717931 
234 320.666048 
235 320.614152 
236 320.562242 
237 320.510319 
238 320.458382 
239 320.406432 
240 320.354467 
241 320.302490 
242 320.250498 
243 320.198493 
244 320.146474 
245 320.094441 
246 320.042394 
247 319.990334 
248 319.938260 
249 319.886172 
250 319.834071 
251 319.781955 
252 319.729826 
253 319.677683 
254 319.625526 
255 319.573355 
256 319.521171 
257 319.468972 
258 319.416760 
259 319.364534 
260 319.312293 
261 319.260039 
262 319.207771 
263 319.155489 
264 319.103193 
265 319.050882 
266 318.998558 
267 318.946220 
268 318.893868 
269 318.841502 
270 318.789121 
271 318.736727 
272 318.684318 
273 318.631896 
274 318.579459 
275 318.527008 
276 318.474543 
277 318.422064 
278 318.369571 
279 318.317063 
280 318.264541 
281 318.212005 
282 318.159455 
283 318.106891 
284 318.054312 
285 318.001719 
286 317.949112 
287 317.896490 
288 317.843854 
289 317.791204 
290 317.738539 
291 317.685860 
292 317.633167 
293 317.580459 
294 317.527737 
295 317.475001 
296 317.422250 
297 317.369484 
298 317.316704 
299 317.263910 
300 317.211101 
301 317.158278 
302 317.105440 
303 317.052587 
304 316.999720 
305 316.946839 
306 316.893943 
307 316.841032 
308 316.788107 
309 316.735167 
310 316.682212 
311 316.629243 
312 316.576259 
313 316.523260 
314 316.470247 
315 316.417219 
316 316.364176 
317 316.311119 
318 316.258047 
319 316.204960 
320 316.151858 
321 316.098741 
322 316.045610 
323 315.992464 
324 315.939302 
325 315.886127 
326 315.832936 
327 315.779730 
328 315.726509 
329 315.673274 
330 315.620023 
331 315.566758 
332 315.513478 
333 315.460182 
334 315.406872 
335 315.353546 
336 315.300206 
337 315.246850 
338 315.193480 
339 315.140094 
340 315.086694 
341 315.033278 
342 314.979847 
343 314.926401 
344 314.872940 
345 314.819463 
346 314.765972 
347 314.712465 
348 314.658943 
349 314.605406 
350 314.551853 
351 314.498285 
352 314.444702 
353 314.391104 
354 314.337491 
355 314.283862 
356 314.230217 
357 314.176558 
358 314.122883 
359 314.069192 
360 314.015487 
361 313.961765 
362 313.908029 
363 313.854277 
364 313.800509 
365 313.746726 
366 313.692927 
367 313.639113 
368 313.585284 
369 313.531438 
370 313.477578 
371 313.423701 
372 313.369810 
373 313.315902 
374 313.261979 
375 313.208040 
376 313.154086 
377 313.100115 
378 313.046130 
379 312.992128 
380 312.938111 
381 312.884078 
382 312.830029 
383 312.775964 
384 312.721884 
385 312.667788 
386 312.613676 
387 312.559548 
388 312.505404 
389 312.451244 
390 312.397069 
391 312.342877 
392 312.288670 
393 312.234447 
394 312.180208 
395 312.125952 
396 312.071681 
397 312.017394 
398 311.963090 
399 311.908771 
400 311.854436 
401 311.800084 
402 311.745717 
403 311.691333 
404 311.636933 
405 311.582517 
406 311.528085 
407 311.473637 
408 311.419172 
409 311.364691 
410 311.310194 
411 311.255681 
412 311.201151 
413 311.146606 
414 311.092043 
415 311.037465 
416 310.982870 
417 310.928259 
418 310.873632 
419 310.818988 
420 310.764327 
421 310.709650 
422 310.654957 
423 310.600247 
424 310.545521 
425 310.490779 
426 310.436019 
427 310.381244 
428 310.326451 
429 310.271643 
430 310.216817 
431 310.161975 
432 310.107116 
433 310.052241 
434 309.997349 
435 309.942440 
436 309.887515 
437 309.832573 
438 309.777614 
439 309.722638 
440 309.667646 
441 309.612637 
442 309.557611 
443 309.502568 
444 309.447508 
445 309.392432 
446 309.337338 
447 309.282228 
448 309.227101 
449 309.171957 
450 309.116796 
451 309.061617 
452 309.006422 
453 308.951210 
454 308.895981 
455 308.840735 
456 308.785472 
457 308.730191 
458 308.674894 
459 308.619579 
460 308.564248 
461 308.508899 
462 308.453533 
463 308.398149 
464 308.342749 
465 308.287331 
466 308.231896 
467 308.176444 
468 308.120974 
469 308.065488 
470 308.009983 
471 307.954462 
472 307.898923 
473 307.843366 
474 307.787793 
475 307.732202 
476 307.676593 
477 307.620967 
478 307.565323 
479 307.509662 
480 307.453983 
481 307.398287 
482 307.342574 
483 307.286842 
484 307.231093 
485 307.175327 
486 307.119542 
487 307.063740 
488 307.007921 
489 306.952084 
490 306.896229 
491 306.840356 
492 306.784465 
493 306.728557 
494 306.672631 
495 306.616687 
496 306.560725 
497 306.504745 
498 306.448748 
499 306.392732 
500 306.336699 
501 306.280647 
502 306.224578 
503 306.168491 
504 306.112385 
505 306.056262 
506 306.000121 
507 305.943961 
508 305.887784 
509 305.831588 
510 305.775374 
511 305.719142 
512 305.662892 
513 305.606624 
514 305.550337 
515 305.494032 
516 305.437709 
517 305.381368 
518 305.325008 
519 305.268630 
520 305.212234 
521 305.155819 
522 305.099386 
523 305.042934 
524 304.986465 
525 304.929976 
526 304.873469 
527 304.816944 
528 304.760400 
529 304.703838 
530 304.647257 
531 304.590657 
532 304.534039 
533 304.477402 
534 304.420747 
535 304.364073 
536 304.307380 
537 304.250669 
538 304.193939 
539 304.137190 
540 304.080422 
541 304.023636 
542 303.966830 
543 303.910006 
544 303.853163 
545 303.796301 
546 303.739421 
547 303.682521 
548 303.625602 
549 303.568665 
550 303.511708 
551 303.454732 
552 303.397738 
553 303.340724 
554 303.283691 
555 303.226639 
556 303.169568 
557 303.112478 
558 303.055369 
559 302.998240 
560 302.941092 
561 302.883925 
562 302.826739 
563 302.769533 
564 302.712308 
565 302.655064 
566 302.597801 
567 302.540518 
568 302.483215 
569 302.425893 
570 302.368552 
571 302.311191 
572 302.253811 
573 302.196412 
574 302.138992 
575 302.081553 
576 302.024095 
577 301.966617 
578 301.909119 
579 301.851602 
580 301.794065 
581 301.736508 
582 301.678932 
583 301.621336 
584 301.563720 
585 301.506084 
586 301.448428 
587 301.390753 
588 301.333058 
589 301.275343 
590 301.217607 
591 301.159852 
592 301.102077 
593 301.044282 
594 300.986467 
595 300.928632 
596 300.870777 
597 300.812902 
598 300.755007 
599 300.697091 
600 300.639156 
601 300.581200 
602 300.523224 
603 300.465227 
604 300.407211 
605 300.349174 
606 300.291117 
607 300.233040 
608 300.174942 
609 300.116824 
610 300.058685 
611 300.000526 
612 299.942346 
613 299.884146 
614 299.825926 
615 299.767685 
616 299.709423 
617 299.651141 
618 299.592838 
619 299.534515 
620 299.476171 
621 299.417806 
622 299.359421 
623 299.301015 
624 299.242588 
625 299.184140 
626 299.125671 
627 299.067182 
628 299.008672 
629 298.950140 
630 298.891588 
631 298.833015 
632 298.774421 
633 298.715806 
634 298.657170 
635 298.598513 
636 298.539835 
637 298.481136 
638 298.422415 
639 298.363674 
640 298.304911 
641 298.246127 
642 298.187322 
643 298.128496 
644 298.069648 
645 298.010779 
646 297.951889 
647 297.892977 
648 297.834044 
649 297.775089 
650 297.716113 
651 297.657116 
652 297.598097 
653 297.539056 
654 297.479994 
655 297.420911 
656 297.361806 
657 297.302679 
658 297.243530 
659 297.184360 
660 297.125168 
661 297.065954 
662 297.006719 
663 296.947461 
664 296.888182 
665 296.828881 
666 296.769559 
667 296.710214 
668 296.650847 
669 296.591458 
670 296.532048 
671 296.472615 
672 296.413160 
673 296.353683 
674 296.294184 
675 296.234663 
676 296.175120 
677 296.115555 
678 296.055967 
679 295.996357 
680 295.936725 
681 295.877070 
682 295.817393 
683 295.757694 
684 295.697972 
685 295.638228 
686 295.578462 
687 295.518673 
688 295.458861 
689 295.399027 
690 295.339170 
691 295.279291 
692 295.219389 
693 295.159465 
694 295.099517 
695 295.039548 
696 294.979555 
697 294.919539 
698 294.859501 
699 294.799440 
700 294.739356 
701 294.679249 
702 294.619119 
703 294.558966 
704 294.498790 
705 294.438592 
706 294.378370 
707 294.318125 
708 294.257857 
709 294.197566 
710 294.137251 
711 294.076914 
712 294.016553 
713 293.956169 
714 293.895761 
715 293.835331 
716 293.774877 
717 293.714399 
718 293.653899 
719 293.593374 
720 293.532826 
721 293.472255 
722 293.411660 
723 293.351042 
724 293.290400 
725 293.229734 
726 293.169045 
727 293.108332 
728 293.047595 
729 292.986835 
730 292.926050 
731 292.865242 
732 292.804410 
733 292.743554 
734 292.682675 
735 292.621771 
736 292.560843 
737 292.499891 
738 292.438915 
739 292.377916 
740 292.316892 
741 292.255843 
742 292.194771 
743 292.133674 
744 292.072554 
745 292.011408 
746 291.950239 
747 291.889045 
748 291.827827 
749 291.766585 
750 291.705318 
751 291.644026 
752 291.582710 
753 291.521370 
754 291.460004 
755 291.398615 
756 291.337200 
757 291.275761 
758 291.214297 
759 291.152809 
760 291.091296 
761 291.029757 
762 290.968194 
763 290.906607 
764 290.844994 
765 290.783356 
766 290.721693 
767 290.660005 
768 290.598293 
769 290.536555 
770 290.474792 
771 290.413004 
772 290.351190 
773 290.289352 
774 290.227488 
775 290.165598 
776 290.103684 
777 290.041744 
778 289.979779 
779 289.917788 
780 289.855772 
781 289.793730 
782 289.731663 
783 289.669570 
784 289.607451 
785 289.545307 
786 289.483137 
787 289.420942 
788 289.358720 
789 289.296473 
790 289.234200 
791 289.171901 
792 289.109577 
793 289.047226 
794 288.984849 
795 288.922447 
796 288.860018 
797 288.797563 
798 288.735082 
799 288.672575 
800 288.610041 
801 288.547482 
802 288.484896 
803 288.422284 
804 288.359645 
805 288.296980 
806 288.234289 
807 288.171571 
808 288.108827 
809 288.046056 
810 287.983258 
811 287.920434 
812 287.857583 
813 287.794706 
814 287.731802 
815 287.668871 
816 287.605913 
817 287.542929 
818 287.479917 
819 287.416879 
820 287.353813 
821 287.290721 
822 287.227602 
823 287.164455 
824 287.101281 
825 287.038081 
826 286.974853 
827 286.911597 
828 286.848315 
829 286.785005 
830 286.721668 
831 286.658303 
832 286.594911 
833 286.531492 
834 286.468045 
835 286.404570 
836 286.341068 
837 286.277538 
838 286.213981 
839 286.150396 
840 286.086783 
841 286.023142 
842 285.959473 
843 285.895777 
844 285.832053 
845 285.768300 
846 285.704520 
847 285.640711 
848 285.576875 
849 285.513010 
850 285.449117 
851 285.385196 
852 285.321247 
853 285.257270 
854 285.193264 
855 285.129229 
856 285.065167 
857 285.001075 
858 284.936956 
859 284.872807 
860 284.808631 
861 284.744425 
862 284.680191 
863 284.615928 
864 284.551636 
865 284.487316 
866 284.422967 
867 284.358588 
868 284.294181 
869 284.229745 
870 284.165280 
871 284.100786 
872 284.036263 
873 283.971710 
874 283.907128 
875 283.842517 
876 283.777877 
877 283.713208 
878 283.648509 
879 283.583780 
880 283.519023 
881 283.454235 
882 283.389418 
883 283.324572 
884 283.259696 
885 283.194790 
886 283.129854 
887 283.064889 
888 282.999894 
889 282.934869 
890 282.869814 
891 282.804729 
892 282.739614 
893 282.674469 
894 282.609294 
895 282.544088 
896 282.478853 
897 282.413587 
898 282.348291 
899 282.282965 
900 282.217608 
901 282.152221 
902 282.086803 
903 282.021355 
904 281.955876 
905 281.890367 
906 281.824827 
907 281.759256 
908 281.693655 
909 281.628022 
910 281.562359 
911 281.496665 
912 281.430940 
913 281.365184 
914 281.299397 
915 281.233579 
916 281.167729 
917 281.101849 
918 281.035937 
919 280.969994 
920 280.904019 
921 280.838014 
922 280.771976 
923 280.705907 
924 280.639807 
925 280.573675 
926 280.507512 
927 280.441316 
928 280.375089 
929 280.308830 
930 280.242540 
931 280.176217 
932 280.109863 
933 280.043476 
934 279.977057 
935 279.910607 
936 279.844124 
937 279.777609 
938 279.711061 
939 279.644482 
940 279.577870 
941 279.511225 
942 279.444549 
943 279.377839 
944 279.311097 
945 279.244323 
946 279.177515 
947 279.110675 
948 279.043803 
949 278.976897 
950 278.909959 
951 278.842987 
952 278.775983 
953 278.708945 
954 278.641875 
955 278.574771 
956 278.507634 
957 278.440464 
958 278.373260 
959 278.306023 
960 278.238753 
961 278.171449 
962 278.104112 
963 278.036741 
964 277.969336 
965 277.901898 
966 277.834426 
967 277.766920 
968 277.699380 
969 277.631807 
970 277.564199 
971 277.496557 
972 277.428882 
973 277.361172 
974 277.293428 
975 277.225649 
976 277.157836 
977 277.089989 
978 277.022108 
979 276.954192 
980 276.886241 
981 276.818256 
982 276.750236 
983 276.682182 
984 276.614092 
985 276.545968 
986 276.477809 
987 276.409615 
988 276.341386 
989 276.273122 
990 276.204822 
991 276.136488 
992 276.068118 
993 275.999713 
994 275.931273 
995 275.862797 
996 275.794285 
997 275.725739 
998 275.657156 
999 275.588538 
1000 275.519884 
1001 275.451194 
1002 275.382469 
1003 275.313707 
1004 275.244910 
1005 275.176076 
1006 275.107206 
1007 275.038301 
1008 274.969359 
1009 274.900380 
1010 274.831366 
1011 274.762315 
1012 274.693227 
1013 274.624103 
1014 274.554942 
1015 274.485745 
1016 274.416511 
1017 274.347240 
1018 274.277932 
1019 274.208588 
1020 274.139206 
1021 274.069787 
1022 274.000331 
1023 273.930838 
1024 273.861308 
1025 273.791741 
1026 273.722136 
1027 273.652493 
1028 273.582813 
1029 273.513096 
1030 273.443341 
1031 273.373548 
1032 273.303718 
1033 273.233849 
1034 273.163943 
1035 273.093999 
1036 273.024016 
1037 272.953996 
1038 272.883937 
1039 272.813841 
1040 272.743706 
1041 272.673532 
1042 272.603320 
1043 272.533070 
1044 272.462781 
1045 272.392453 
1046 272.322087 
1047 272.251681 
1048 272.181237 
1049 272.110754 
1050 272.040232 
1051 271.969671 
1052 271.899071 
1053 271.828432 
1054 271.757753 
1055 271.687035 
1056 271.616278 
1057 271.545481 
1058 271.474644 
1059 271.403768 
1060 271.332853 
1061 271.261897 
1062 271.190902 
1063 271.119866 
1064 271.048791 
1065 270.977675 
1066 270.906520 
1067 270.835324 
1068 270.764088 
1069 270.692812 
1070 270.621495 
1071 270.550137 
1072 270.478739 
1073 270.407301 
1074 270.335822 
1075 270.264301 
1076 270.192740 
1077 270.121138 
1078 270.049495 
1079 269.977811 
1080 269.906086 
1081 269.834319 
1082 269.762511 
1083 269.690662 
1084 269.618771 
1085 269.546839 
1086 269.474865 
1087 269.402849 
1088 269.330792 
1089 269.258692 
1090 269.186551 
1091 269.114367 
1092 269.042142 
1093 268.969874 
1094 268.897564 
1095 268.825211 
1096 268.752817 
1097 268.680379 
1098 268.607899 
1099 268.535377 
1100 268.462811 
1101 268.390203 
1102 268.317552 
1103 268.244858 
1104 268.172121 
1105 268.099340 
1106 268.026517 
1107 267.953650 
1108 267.880739 
1109 267.807785 
1110 267.734788 
1111 267.661747 
1112 267.588662 
1113 267.515533 
1114 267.442361 
1115 267.369144 
1116 267.295884 
1117 267.222579 
1118 267.149230 
1119 267.075836 
1120 267.002398 
1121 266.928916 
1122 266.855389 
1123 266.781817 
1124 266.708201 
1125 266.634540 
1126 266.560833 
1127 266.487082 
1128 266.413286 
1129 266.339444 
1130 266.265557 
1131 266.191625 
1132 266.117647 
1133 266.043624 
1134 265.969555 
1135 265.895440 
1136 265.821280 
1137 265.747073 
1138 265.672821 
1139 265.598522 
1140 265.524177 
1141 265.449786 
1142 265.375349 
1143 265.300865 
1144 265.226334 
1145 265.151757 
1146 265.077133 
1147 265.002462 
1148 264.927744 
1149 264.852980 
1150 264.778168 
1151 264.703309 
1152 264.628402 
1153 264.553448 
1154 264.478447 
1155 264.403398 
1156 264.328301 
1157 264.253157 
1158 264.177964 
1159 264.102724 
1160 264.027436 
1161 263.952099 
1162 263.876714 
1163 263.801281 
1164 263.725799 
1165 263.650269 
1166 263.574689 
1167 263.499062 
1168 263.423385 
1169 263.347659 
1170 263.271884 
1171 263.196060 
1172 263.120187 
1173 263.044265 
1174 262.968293 
1175 262.892271 
1176 262.816199 
1177 262.740078 
1178 262.663907 
1179 262.587686 
1180 262.511415 
1181 262.435093 
1182 262.358722 
1183 262.282300 
1184 262.205827 
1185 262.129304 
1186 262.052730 
1187 261.976105 
1188 261.899429 
1189 261.822702 
1190 261.745924 
1191 261.669095 
1192 261.592214 
1193 261.515282 
1194 261.438298 
1195 261.361263 
1196 261.284175 
1197 261.207036 
1198 261.129845 
1199 261.052601 
1200 260.975306 
1201 260.897958 
1202 260.820557 
1203 260.743104 
1204 260.665598 
1205 260.588039 
1206 260.510428 
1207 260.432763 
1208 260.355045 
1209 260.277274 
1210 260.199450 
1211 260.121572 
1212 260.043640 
1213 259.965655 
1214 259.887616 
1215 259.809523 
1216 259.731375 
1217 259.653174 
1218 259.574918 
1219 259.496608 
1220 259.418243 
1221 259.339824 
1222 259.261349 
1223 259.182820 
1224 259.104236 
1225 259.025596 
1226 258.946902 
1227 258.868152 
1228 258.789346 
1229 258.710485 
1230 258.631568 
1231 258.552595 
1232 258.473566 
1233 258.394480 
1234 258.315339 
1235 258.236141 
1236 258.156887 
1237 258.077576 
1238 257.998208 
1239 257.918783 
1240 257.839302 
1241 257.759763 
1242 257.680166 
1243 257.600513 
1244 257.520802 
1245 257.441033 
1246 257.361206 
1247 257.281322 
1248 257.201379 
1249 257.121378 
1250 257.041319 
1251 256.961201 
1252 256.881025 
1253 256.800790 
1254 256.720496 
1255 256.640143 
1256 256.559731 
1257 256.479260 
1258 256.398729 
1259 256.318139 
1260 256.237489 
1261 256.156779 
1262 256.076009 
1263 255.995179 
1264 255.914289 
1265 255.833339 
1266 255.752328 
1267 255.671256 
1268 255.590123 
1269 255.508930 
1270 255.427675 
1271 255.346360 
1272 255.264983 
1273 255.183544 
1274 255.102044 
1275 255.020481 
1276 254.938857 
1277 254.857171 
1278 254.775423 
1279 254.693612 
1280 254.611738 
1281 254.529802 
1282 254.447803 
1283 254.365741 
1284 254.283616 
1285 254.201428 
1286 254.119176 
1287 254.036861 
1288 253.954482 
1289 253.872039 
1290 253.789532 
1291 253.706960 
1292 253.624325 
1293 253.541624 
1294 253.458860 
1295 253.376030 
1296 253.293135 
1297 253.210175 
1298 253.127150 
1299 253.044060 
1300 252.960903 
1301 252.877681 
1302 252.794393 
1303 252.711039 
1304 252.627619 
1305 252.544132 
1306 252.460579 
1307 252.376959 
1308 252.293272 
1309 252.209518 
1310 252.125696 
1311 252.041807 
1312 251.957851 
1313 251.873827 
1314 251.789735 
1315 251.705575 
1316 251.621346 
1317 251.537049 
1318 251.452684 
1319 251.368250 
1320 251.283746 
1321 251.199174 
1322 251.114532 
1323 251.029821 
1324 250.945040 
1325 250.860190 
1326 250.775269 
1327 250.690279 
1328 250.605217 
1329 250.520086 
1330 250.434883 
1331 250.349610 
1332 250.264266 
1333 250.178850 
1334 250.093363 
1335 250.007804 
1336 249.922174 
1337 249.836471 
1338 249.750697 
1339 249.664849 
1340 249.578930 
1341 249.492937 
1342 249.406872 
1343 249.320734 
1344 249.234522 
1345 249.148237 
1346 249.061878 
1347 248.975445 
1348 248.888938 
1349 248.802357 
1350 248.715701 
1351 248.628971 
1352 248.542166 
1353 248.455285 
1354 248.368330 
1355 248.281299 
1356 248.194192 
1357 248.107010 
1358 248.019751 
1359 247.932416 
1360 247.845005 
1361 247.757517 
1362 247.669952 
1363 247.582310 
1364 247.494591 
1365 247.406794 
1366 247.318920 
1367 247.230967 
1368 247.142937 
1369 247.054828 
1370 246.966640 
1371 246.878374 
1372 246.790029 
1373 246.701605 
1374 246.613101 
1375 246.524518 
1376 246.435854 
1377 246.347111 
1378 246.258287 
1379 246.169383 
1380 246.080398 
1381 245.991333 
1382 245.902186 
1383 245.812957 
1384 245.723647 
1385 245.634255 
1386 245.544781 
1387 245.455225 
1388 245.365586 
1389 245.275864 
1390 245.186060 
1391 245.096172 
1392 245.006201 
1393 244.916146 
1394 244.826007 
1395 244.735784 
1396 244.645476 
1397 244.555084 
1398 244.464607 
1399 244.374044 
1400 244.283397 
1401 244.192663 
1402 244.101844 
1403 244.010939 
1404 243.919947 
1405 243.828869 
1406 243.737704 
1407 243.646452 
1408 243.555112 
1409 243.463685 
1410 243.372170 
1411 243.280567 
1412 243.188875 
1413 243.097095 
1414 243.005226 
1415 242.913267 
1416 242.821220 
1417 242.729082 
1418 242.636855 
1419 242.544537 
1420 242.452129 
1421 242.359631 
1422 242.267041 
1423 242.174360 
1424 242.081587 
1425 241.988723 
1426 241.895766 
1427 241.802717 
1428 241.709576 
1429 241.616341 
1430 241.523014 
1431 241.429592 
1432 241.336077 
1433 241.242468 
1434 241.148765 
1435 241.054967 
1436 240.961074 
1437 240.867086 
1438 240.773003 
1439 240.678823 
1440 240.584548 
1441 240.490176 
1442 240.395708 
1443 240.301142 
1444 240.206480 
1445 240.111720 
1446 240.016862 
1447 239.921905 
1448 239.826851 
1449 239.731697 
1450 239.636445 
1451 239.541093 
1452 239.445641 
1453 239.350090 
1454 239.254438 
1455 239.158685 
1456 239.062832 
1457 238.966877 
1458 238.870821 
1459 238.774662 
1460 238.678402 
1461 238.582039 
1462 238.485573 
1463 238.389004 
1464 238.292331 
1465 238.195554 
1466 238.098674 
1467 238.001688 
1468 237.904598 
1469 237.807403 
1470 237.710102 
1471 237.612695 
1472 237.515182 
1473 237.417562 
1474 237.319835 
1475 237.222001 
1476 237.124060 
1477 237.026010 
1478 236.927852 
1479 236.829586 
1480 236.731210 
1481 236.632725 
1482 236.534130 
1483 236.435425 
1484 236.336610 
1485 236.237684 
1486 236.138646 
1487 236.039497 
1488 235.940236 
1489 235.840862 
1490 235.741376 
1491 235.641777 
1492 235.542064 
1493 235.442237 
1494 235.342296 
1495 235.242240 
1496 235.142070 
1497 235.041784 
1498 234.941382 
1499 234.840863 
1500 234.740229 
1501 234.639477 
1502 234.538607 
1503 234.437620 
1504 234.336515 
1505 234.235291 
1506 234.133948 
1507 234.032485 
1508 233.930903 
1509 233.829200 
1510 233.727377 
1511 233.625432 
1512 233.523366 
1513 233.421178 
1514 233.318867 
1515 233.216434 
1516 233.113877 
1517 233.011197 
1518 232.908392 
1519 232.805463 
1520 232.702408 
1521 232.599229 
1522 232.495923 
1523 232.392490 
1524 232.288931 
1525 232.185245 
1526 232.081431 
1527 231.977488 
1528 231.873417 
1529 231.769217 
1530 231.664886 
1531 231.560426 
1532 231.455836 
1533 231.351114 
1534 231.246260 
1535 231.141275 
1536 231.036157 
1537 230.930906 
1538 230.825521 
1539 230.720002 
1540 230.614349 
1541 230.508561 
1542 230.402637 
1543 230.296578 
1544 230.190381 
1545 230.084048 
1546 229.977577 
1547 229.870968 
1548 229.764220 
1549 229.657334 
1550 229.550307 
1551 229.443140 
1552 229.335833 
1553 229.228384 
1554 229.120794 
1555 229.013061 
1556 228.905185 
1557 228.797165 
1558 228.689002 
1559 228.580694 
1560 228.472241 
1561 228.363642 
1562 228.254896 
1563 228.146004 
1564 228.036965 
1565 227.927777 
1566 227.818441 
1567 227.708955 
1568 227.599320 
1569 227.489534 
1570 227.379598 
1571 227.269509 
1572 227.159269 
1573 227.048875 
1574 226.938329 
1575 226.827628 
1576 226.716772 
1577 226.605761 
1578 226.494595 
1579 226.383271 
1580 226.271791 
1581 226.160152 
1582 226.048355 
1583 225.936399 
1584 225.824283 
1585 225.712007 
1586 225.599569 
1587 225.486970 
1588 225.374208 
1589 225.261283 
1590 225.148194 
1591 225.034941 
1592 224.921522 
1593 224.807937 
1594 224.694186 
1595 224.580268 
1596 224.466181 
1597 224.351926 
1598 224.237501 
1599 224.122906 
1600 224.008140 
1601 223.893202 
1602 223.778092 
1603 223.662809 
1604 223.547352 
1605 223.431720 
1606 223.315912 
1607 223.199929 
1608 223.083768 
1609 222.967430 
1610 222.850914 
1611 222.734217 
1612 222.617341 
1613 222.500284 
1614 222.383045 
1615 222.265624 
1616 222.148019 
1617 222.030231 
1618 221.912257 
1619 221.794097 
1620 221.675751 
1621 221.557217 
1622 221.438495 
1623 221.319583 
1624 221.200482 
1625 221.081189 
1626 220.961705 
1627 220.842028 
1628 220.722157 
1629 220.602092 
1630 220.481832 
1631 220.361375 
1632 220.240721 
1633 220.119868 
1634 219.998817 
1635 219.877565 
1636 219.756113 
1637 219.634459 
1638 219.512602 
1639 219.390540 
1640 219.268275 
1641 219.145803 
1642 219.023124 
1643 218.900238 
1644 218.777143 
1645 218.653838 
1646 218.530322 
1647 218.406595 
1648 218.282654 
1649 218.158500 
1650 218.034130 
1651 217.909545 
1652 217.784742 
1653 217.659722 
1654 217.534482 
1655 217.409021 
1656 217.283340 
1657 217.157435 
1658 217.031307 
1659 216.904954 
1660 216.778375 
1661 216.651569 
1662 216.524535 
1663 216.397272 
1664 216.269777 
1665 216.142051 
1666 216.014092 
1667 215.885899 
1668 215.757470 
1669 215.628805 
1670 215.499902 
1671 215.370760 
1672 215.241377 
1673 215.111753 
1674 214.981886 
1675 214.851775 
1676 214.721418 
1677 214.590815 
1678 214.459963 
1679 214.328862 
1680 214.197510 
1681 214.065906 
1682 213.934049 
1683 213.801937 
1684 213.669568 
1685 213.536942 
1686 213.404056 
1687 213.270911 
1688 213.137503 
1689 213.003832 
1690 212.869896 
1691 212.735693 
1692 212.601223 
1693 212.466484 
1694 212.331474 
1695 212.196191 
1696 212.060634 
1697 211.924802 
1698 211.788693 
1699 211.652306 
1700 211.515638 
1701 211.378688 
1702 211.241455 
1703 211.103937 
1704 210.966132 
1705 210.828038 
1706 210.689654 
1707 210.550979 
1708 210.412010 
1709 210.272746 
1710 210.133184 
1711 209.993324 
1712 209.853163 
1713 209.712700 
1714 209.571932 
1715 209.430859 
1716 209.289477 
1717 209.147786 
1718 209.005783 
1719 208.863466 
1720 208.720834 
1721 208.577884 
1722 208.434615 
1723 208.291025 
1724 208.147110 
1725 208.002871 
1726 207.858304 
1727 207.713407 
1728 207.568178 
1729 207.422616 
1730 207.276718 
1731 207.130482 
1732 206.983905 
1733 206.836986 
1734 206.689722 
1735 206.542111 
1736 206.394152 
1737 206.245840 
1738 206.097175 
1739 205.948154 
1740 205.798774 
1741 205.649033 
1742 205.498929 
1743 205.348459 
1744 205.197621 
1745 205.046412 
1746 204.894830 
1747 204.742872 
1748 204.590536 
1749 204.437819 
1750 204.284718 
1751 204.131231 
1752 203.977355 
1753 203.823088 
1754 203.668426 
1755 203.513367 
1756 203.357907 
1757 203.202046 
1758 203.045778 
1759 202.889102 
1760 202.732014 
1761 202.574511 
1762 202.416592 
1763 202.258251 
1764 202.099487 
1765 201.940296 
1766 201.780675 
1767 201.620621 
1768 201.460131 
1769 201.299201 
1770 201.137828 
1771 200.976009 
1772 200.813741 
1773 200.651019 
1774 200.487841 
1775 200.324203 
1776 200.160101 
1777 199.995532 
1778 199.830492 
1779 199.664978 
1780 199.498986 
1781 199.332511 
1782 199.165551 
1783 198.998101 
1784 198.830158 
1785 198.661717 
1786 198.492774 
1787 198.323326 
1788 198.153368 
1789 197.982896 
1790 197.811906 
1791 197.640393 
1792 197.468353 
1793 197.295783 
1794 197.122676 
1795 196.949030 
1796 196.774838 
1797 196.600097 
1798 196.424802 
1799 196.248948 
1800 196.072531 
1801 195.895544 
1802 195.717984 
1803 195.539846 
1804 195.361124 
1805 195.181812 
1806 195.001907 
1807 194.821402 
1808 194.640292 
1809 194.458571 
1810 194.276235 
1811 194.093277 
1812 193.909692 
1813 193.725473 
1814 193.540615 
1815 193.355113 
1816 193.168959 
1817 192.982148 
1818 192.794673 
1819 192.606529 
1820 192.417708 
1821 192.228205 
1822 192.038012 
1823 191.847122 
1824 191.655530 
1825 191.463227 
1826 191.270207 
1827 191.076463 
1828 190.881987 
1829 190.686773 
1830 190.490811 
1831 190.294095 
1832 190.096618 
1833 189.898370 
1834 189.699345 
1835 189.499533 
1836 189.298926 
1837 189.097517 
1838 188.895297 
1839 188.692256 
1840 188.488386 
1841 188.283677 
1842 188.078122 
1843 187.871709 
1844 187.664430 
1845 187.456276 
1846 187.247235 
1847 187.037299 
1848 186.826456 
1849 186.614697 
1850 186.402010 
1851 186.188386 
1852 185.973813 
1853 185.758280 
1854 185.541775 
1855 185.324287 
1856 185.105803 
1857 184.886313 
1858 184.665803 
1859 184.444262 
1860 184.221675 
1861 183.998030 
1862 183.773315 
1863 183.547514 
1864 183.320615 
1865 183.092604 
1866 182.863465 
1867 182.633184 
1868 182.401746 
1869 182.169136 
1870 181.935338 
1871 181.700336 
1872 181.464114 
1873 181.226655 
1874 180.987941 
1875 180.747957 
1876 180.506682 
1877 180.264101 
1878 180.020193 
1879 179.774940 
1880 179.528322 
1881 179.280319 
1882 179.030911 
1883 178.780078 
1884 178.527797 
1885 178.274046 
1886 178.018804 
1887 177.762047 
1888 177.503752 
1889 177.243895 
1890 176.982451 
1891 176.719394 
1892 176.454700 
1893 176.188340 
1894 175.920287 
1895 175.650515 
1896 175.378993 
1897 175.105692 
1898 174.830582 
1899 174.553632 
1900 174.274810 
1901 173.994082 
1902 173.711415 
1903 173.426774 
1904 173.140124 
1905 172.851426 
1906 172.560644 
1907 172.267739 
1908 171.972669 
1909 171.675394 
1910 171.375872 
1911 171.074057 
1912 170.769904 
1913 170.463368 
1914 170.154398 
1915 169.842947 
1916 169.528961 
1917 169.212388 
1918 168.893173 
1919 168.571258 
1920 168.246586 
1921 167.919095 
1922 167.588721 
1923 167.255401 
1924 166.919066 
1925 166.579645 
1926 166.237067 
1927 165.891256 
1928 165.542134 
1929 165.189618 
1930 164.833625 
1931 164.474066 
1932 164.110851 
1933 163.743883 
1934 163.373063 
1935 162.998289 
1936 162.619452 
1937 162.236440 
1938 161.849134 
1939 161.457413 
1940 161.061147 
1941 160.660203 
1942 160.254439 
1943 159.843708 
1944 159.427854 
1945 159.006715 
1946 158.580121 
1947 158.147891 
1948 157.709837 
1949 157.265758 
1950 156.815444 
1951 156.358673 
1952 155.895211 
1953 155.424808 
1954 154.947201 
1955 154.462110 
1956 153.969238 
1957 153.468270 
1958 152.958869 
1959 152.440675 
1960 151.913305 
1961 151.376348 
1962 150.829363 
1963 150.271878 
1964 149.703383 
1965 149.123330 
1966 148.531125 
1967 147.926125 
1968 147.307635 
1969 146.674894 
1970 146.027075 
1971 145.363271 
1972 144.682488 
1973 143.983630 
1974 143.265488 
1975 142.526719 
1976 141.765828 
1977 140.981144 
1978 140.170787 
1979 139.332636 
1980 138.464280 
1981 137.562965 
1982 136.625521 
1983 135.648275 
1984 134.626932 
1985 133.556427 
1986 132.430718 
1987 131.242520 
1988 129.982918 
1989 128.640841 
1990 127.202274 
1991 125.649089 
1992 123.957206 
1993 122.093590 
1994 120.011013 
1995 117.638260 
1996 114.859836 
1997 111.467629 
1998 107.017812 
1999 100.199195 
2000 70.001535 
2001 0.000000 
2002 0.000000 
2003 0.000000 
2004 0.000000 
2005 0.000000 
2006 0.000000 
2007 0.000000 
2008 0.000000 
2009 0.000000 
2010 0.000000 
2011 0.000000 
2012 0.000000 
2013 0.000000 
2014 0.000000 
2015 0.000000 
2016 0.000000 
2017 0.000000 
2018 0.000000 
2019 0.000000 
2020 0.000000 
2021 0.000000 
2022 0.000000 
2023 0.000000 
2024 0.000000 
2025 0.000000 
2026 0.000000 
2027 0.000000 
2028 0.000000 
2029 0.000000 
2030 0.000000 
2031 0.000000 
2032 0.000000 
2033 0.000000 
2034 0.000000 
2035 0.000000 
2036 0.000000 
2037 0.000000 
2038 0.000000 
2039 0.000000 
2040 0.000000 
2041 0.000000 
2042 0.000000 
2043 0.000000 
2044 0.000000 
2045 0.000000 
2046 0.000000 
2047 0.000000 
