0 321.143563 
1 321.121156 
2 321.098741 
3 321.076318 
4 321.053887 
5 321.031447 
6 321.009000 
7 320.986544 
8 320.964080 
9 320.941608 
10 320.919128 
11 320.896640 
12 320.874143 
13 320.851638 
14 320.829125 
15 320.806604 
16 320.784075 
17 320.761538 
18 320.738992 
19 320.716438 
20 320.693876 
21 320.671305 
22 320.648726 
23 320.626139 
24 320.603544 
25 320.580941 
26 320.558329 
27 320.535709 
28 320.513080 
29 320.490444 
30 320.467799 
31 320.445145 
32 320.422484 
33 320.399814 
34 320.377135 
35 320.354449 
36 320.331754 
37 320.309050 
38 320.286338 
39 320.263618 
40 320.240890 
41 320.218153 
42 320.195407 
43 320.172654 
44 320.149891 
45 320.127121 
46 320.104342 
47 320.081554 
48 320.058758 
49 320.035954 
50 320.013141 
51 319.990320 
52 319.967490 
53 319.944652 
54 319.921805 
55 319.898949 
56 319.876086 
57 319.853213 
58 319.830332 
59 319.807443 
60 319.784545 
61 319.761639 
62 319.738724 
63 319.715800 
64 319.692868 
65 319.669927 
66 319.646978 
67 319.624020 
68 319.601053 
69 319.578078 
70 319.555094 
71 319.532102 
72 319.509101 
73 319.486091 
74 319.463072 
75 319.440045 
76 319.417010 
77 319.393965 
78 319.370912 
79 319.347851 
80 319.324780 
81 319.301701 
82 319.278613 
83 319.255516 
84 319.232411 
85 319.209297 
86 319.186174 
87 319.163043 
88 319.139902 
89 319.116753 
90 319.093595 
91 319.070428 
92 319.047253 
93 319.024069 
94 319.000876 
95 318.977674 
96 318.954463 
97 318.931243 
98 318.908015 
99 318.884777 
100 318.861531 
101 318.838276 
102 318.815012 
103 318.791739 
104 318.768458 
105 318.745167 
106 318.721867 
107 318.698559 
108 318.675242 
109 318.651915 
110 318.628580 
111 318.605236 
112 318.581882 
113 318.558520 
114 318.535149 
115 318.511769 
116 318.488380 
117 318.464982 
118 318.441574 
119 318.418158 
120 318.394733 
121 318.371299 
122 318.347855 
123 318.324403 
124 318.300942 
125 318.277471 
126 318.253991 
127 318.230503 
128 318.207005 
129 318.183498 
130 318.159982 
131 318.136457 
132 318.112922 
133 318.089379 
134 318.065826 
135 318.042265 
136 318.018694 
137 317.995114 
138 317.971524 
139 317.947926 
140 317.924318 
141 317.900701 
142 317.877075 
143 317.853440 
144 317.829795 
145 317.806141 
146 317.782478 
147 317.758806 
148 317.735124 
149 317.711433 
150 317.687733 
151 317.664023 
152 317.640304 
153 317.616576 
154 317.592839 
155 317.569092 
156 317.545336 
157 317.521570 
158 317.497795 
159 317.474011 
160 317.450217 
161 317.426414 
162 317.402602 
163 317.378780 
164 317.354949 
165 317.331108 
166 317.307258 
167 317.283398 
168 317.259529 
169 317.235650 
170 317.211762 
171 317.187865 
172 317.163958 
173 317.140041 
174 317.116115 
175 317.092180 
176 317.068235 
177 317.044280 
178 317.020316 
179 316.996342 
180 316.972359 
181 316.948366 
182 316.924364 
183 316.900351 
184 316.876330 
185 316.852299 
186 316.828258 
187 316.804207 
188 316.780147 
189 316.756077 
190 316.731998 
191 316.707908 
192 316.683810 
193 316.659701 
194 316.635583 
195 316.611455 
196 316.587317 
197 316.563170 
198 316.539013 
199 316.514846 
200 316.490669 
201 316.466483 
202 316.442287 
203 316.418081 
204 316.393865 
205 316.369639 
206 316.345404 
207 316.321159 
208 316.296904 
209 316.272639 
210 316.248364 
211 316.224079 
212 316.199785 
213 316.175481 
214 316.151166 
215 316.126842 
216 316.102508 
217 316.078164 
218 316.053810 
219 316.029446 
220 316.005072 
221 315.980689 
222 315.956295 
223 315.931891 
224 315.907477 
225 315.883053 
226 315.858620 
227 315.834176 
228 315.809722 
229 315.785258 
230 315.760784 
231 315.736300 
232 315.711806 
233 315.687302 
234 315.662788 
235 315.638264 
236 315.613729 
237 315.589184 
238 315.564630 
239 315.540065 
240 315.515490 
241 315.490905 
242 315.466309 
243 315.441704 
244 315.417088 
245 315.392462 
246 315.367826 
247 315.343180 
248 315.318523 
249 315.293856 
250 315.269179 
251 315.244492 
252 315.219794 
253 315.195086 
254 315.170368 
255 315.145639 
256 315.120900 
257 315.096151 
258 315.071391 
259 315.046621 
260 315.021841 
261 314.997050 
262 314.972249 
263 314.947438 
264 314.922616 
265 314.897784 
266 314.872941 
267 314.848088 
268 314.823224 
269 314.798350 
270 314.773466 
271 314.748571 
272 314.723665 
273 314.698749 
274 314.673823 
275 314.648886 
276 314.623938 
277 314.598980 
278 314.574011 
279 314.549032 
280 314.524042 
281 314.499042 
282 314.474031 
283 314.449009 
284 314.423977 
285 314.398934 
286 314.373880 
287 314.348816 
288 314.323741 
289 314.298656 
290 314.273560 
291 314.248453 
292 314.223335 
293 314.198207 
294 314.173068 
295 314.147918 
296 314.122757 
297 314.097586 
298 314.072404 
299 314.047211 
300 314.022007 
301 313.996793 
302 313.971567 
303 313.946331 
304 313.921084 
305 313.895826 
306 313.870557 
307 313.845278 
308 313.819987 
309 313.794686 
310 313.769373 
311 313.744050 
312 313.718716 
313 313.693371 
314 313.668015 
315 313.642647 
316 313.617269 
317 313.591880 
318 313.566480 
319 313.541069 
320 313.515647 
321 313.490214 
322 313.464770 
323 313.439314 
324 313.413848 
325 313.388370 
326 313.362882 
327 313.337382 
328 313.311871 
329 313.286349 
330 313.260816 
331 313.235272 
332 313.209717 
333 313.184150 
334 313.158572 
335 313.132983 
336 313.107383 
337 313.081772 
338 313.056149 
339 313.030515 
340 313.004870 
341 312.979213 
342 312.953545 
343 312.927866 
344 312.902176 
345 312.876474 
346 312.850761 
347 312.825036 
348 312.799301 
349 312.773553 
350 312.747795 
351 312.722025 
352 312.696244 
353 312.670451 
354 312.644646 
355 312.618831 
356 312.593004 
357 312.567165 
358 312.541315 
359 312.515453 
360 312.489580 
361 312.463695 
362 312.437799 
363 312.411891 
364 312.385972 
365 312.360041 
366 312.334098 
367 312.308144 
368 312.282179 
369 312.256201 
370 312.230212 
371 312.204212 
372 312.178199 
373 312.152175 
374 312.126140 
375 312.100092 
376 312.074033 
377 312.047962 
378 312.021880 
379 311.995786 
380 311.969680 
381 311.943562 
382 311.917432 
383 311.891291 
384 311.865137 
385 311.838972 
386 311.812795 
387 311.786606 
388 311.760406 
389 311.734193 
390 311.707969 
391 311.681732 
392 311.655484 
393 311.629224 
394 311.602952 
395 311.576667 
396 311.550371 
397 311.524063 
398 311.497743 
399 311.471411 
400 311.445067 
401 311.418710 
402 311.392342 
403 311.365962 
404 311.339569 
405 311.313165 
406 311.286748 
407 311.260319 
408 311.233879 
409 311.207425 
410 311.180960 
411 311.154483 
412 311.127993 
413 311.101491 
414 311.074977 
415 311.048451 
416 311.021913 
417 310.995362 
418 310.968799 
419 310.942224 
420 310.915636 
421 310.889036 
422 310.862424 
423 310.835799 
424 310.809162 
425 310.782513 
426 310.755851 
427 310.729177 
428 310.702490 
429 310.675791 
430 310.649080 
431 310.622356 
432 310.595620 
433 310.568871 
434 310.542110 
435 310.515336 
436 310.488549 
437 310.461750 
438 310.434939 
439 310.408115 
440 310.381278 
441 310.354429 
442 310.327567 
443 310.300693 
444 310.273806 
445 310.246906 
446 310.219993 
447 310.193068 
448 310.166130 
449 310.139180 
450 310.112217 
451 310.085241 
452 310.058252 
453 310.031250 
454 310.004236 
455 309.977209 
456 309.950169 
457 309.923116 
458 309.896051 
459 309.868972 
460 309.841881 
461 309.814776 
462 309.787659 
463 309.760529 
464 309.733386 
465 309.706230 
466 309.679061 
467 309.651879 
468 309.624684 
469 309.597476 
470 309.570255 
471 309.543021 
472 309.515774 
473 309.488514 
474 309.461241 
475 309.433955 
476 309.406655 
477 309.379343 
478 309.352017 
479 309.324678 
480 309.297326 
481 309.269961 
482 309.242582 
483 309.215190 
484 309.187786 
485 309.160367 
486 309.132936 
487 309.105491 
488 309.078033 
489 309.050562 
490 309.023077 
491 308.995579 
492 308.968067 
493 308.940543 
494 308.913004 
495 308.885453 
496 308.857888 
497 308.830309 
498 308.802717 
499 308.775112 
500 308.747493 
501 308.719860 
502 308.692214 
503 308.664555 
504 308.636882 
505 308.609195 
506 308.581495 
507 308.553781 
508 308.526053 
509 308.498312 
510 308.470557 
511 308.442789 
512 308.415007 
513 308.387211 
514 308.359401 
515 308.331578 
516 308.303741 
517 308.275890 
518 308.248026 
519 308.220147 
520 308.192255 
521 308.164349 
522 308.136429 
523 308.108495 
524 308.080547 
525 308.052586 
526 308.024610 
527 307.996621 
528 307.968617 
529 307.940600 
530 307.912569 
531 307.884523 
532 307.856464 
533 307.828390 
534 307.800303 
535 307.772201 
536 307.744086 
537 307.715956 
538 307.687812 
539 307.659654 
540 307.631482 
541 307.603295 
542 307.575095 
543 307.546880 
544 307.518651 
545 307.490408 
546 307.462150 
547 307.433878 
548 307.405592 
549 307.377292 
550 307.348977 
551 307.320648 
552 307.292304 
553 307.263947 
554 307.235574 
555 307.207188 
556 307.178786 
557 307.150371 
558 307.121941 
559 307.093496 
560 307.065037 
561 307.036564 
562 307.008075 
563 306.979573 
564 306.951055 
565 306.922524 
566 306.893977 
567 306.865416 
568 306.836840 
569 306.808250 
570 306.779644 
571 306.751025 
572 306.722390 
573 306.693741 
574 306.665076 
575 306.636397 
576 306.607704 
577 306.578995 
578 306.550272 
579 306.521534 
580 306.492780 
581 306.464012 
582 306.435229 
583 306.406432 
584 306.377619 
585 306.348791 
586 306.319948 
587 306.291090 
588 306.262218 
589 306.233330 
590 306.204427 
591 306.175509 
592 306.146576 
593 306.117627 
594 306.088664 
595 306.059686 
596 306.030692 
597 306.001683 
598 305.972659 
599 305.943619 
600 305.914565 
601 305.885495 
602 305.856410 
603 305.827309 
604 305.798193 
605 305.769062 
606 305.739915 
607 305.710753 
608 305.681576 
609 305.652383 
610 305.623175 
611 305.593951 
612 305.564712 
613 305.535457 
614 305.506187 
615 305.476901 
616 305.447599 
617 305.418282 
618 305.388949 
619 305.359601 
620 305.330237 
621 305.300858 
622 305.271462 
623 305.242051 
624 305.212625 
625 305.183182 
626 305.153724 
627 305.124250 
628 305.094760 
629 305.065254 
630 305.035732 
631 305.006195 
632 304.976641 
633 304.947072 
634 304.917487 
635 304.887886 
636 304.858268 
637 304.828635 
638 304.798986 
639 304.769321 
640 304.739639 
641 304.709942 
642 304.680228 
643 304.650499 
644 304.620753 
645 304.590991 
646 304.561213 
647 304.531418 
648 304.501608 
649 304.471781 
650 304.441938 
651 304.412078 
652 304.382202 
653 304.352310 
654 304.322402 
655 304.292477 
656 304.262535 
657 304.232578 
658 304.202604 
659 304.172613 
660 304.142606 
661 304.112582 
662 304.082542 
663 304.052485 
664 304.022412 
665 303.992322 
666 303.962215 
667 303.932092 
668 303.901952 
669 303.871795 
670 303.841622 
671 303.811432 
672 303.781225 
673 303.751001 
674 303.720761 
675 303.690503 
676 303.660229 
677 303.629938 
678 303.599630 
679 303.569306 
680 303.538964 
681 303.508605 
682 303.478229 
683 303.447837 
684 303.417427 
685 303.387000 
686 303.356556 
687 303.326095 
688 303.295617 
689 303.265121 
690 303.234609 
691 303.204079 
692 303.173532 
693 303.142968 
694 303.112387 
695 303.081788 
696 303.051172 
697 303.020539 
698 302.989888 
699 302.959220 
700 302.928534 
701 302.897831 
702 302.867111 
703 302.836373 
704 302.805617 
705 302.774844 
706 302.744054 
707 302.713246 
708 302.682420 
709 302.651577 
710 302.620716 
711 302.589837 
712 302.558941 
713 302.528026 
714 302.497095 
715 302.466145 
716 302.435177 
717 302.404192 
718 302.373189 
719 302.342168 
720 302.311129 
721 302.280072 
722 302.248998 
723 302.217905 
724 302.186794 
725 302.155665 
726 302.124518 
727 302.093354 
728 302.062171 
729 302.030969 
730 301.999750 
731 301.968513 
732 301.937257 
733 301.905983 
734 301.874691 
735 301.843381 
736 301.812052 
737 301.780705 
738 301.749339 
739 301.717955 
740 301.686553 
741 301.655133 
742 301.623693 
743 301.592236 
744 301.560760 
745 301.529265 
746 301.497752 
747 301.466220 
748 301.434670 
749 301.403100 
750 301.371513 
751 301.339906 
752 301.308281 
753 301.276637 
754 301.244974 
755 301.213293 
756 301.181592 
757 301.149873 
758 301.118135 
759 301.086378 
760 301.054602 
761 301.022807 
762 300.990993 
763 300.959160 
764 300.927308 
765 300.895437 
766 300.863547 
767 300.831637 
768 300.799709 
769 300.767761 
770 300.735794 
771 300.703808 
772 300.671803 
773 300.639778 
774 300.607734 
775 300.575670 
776 300.543587 
777 300.511485 
778 300.479364 
779 300.447222 
780 300.415062 
781 300.382882 
782 300.350682 
783 300.318462 
784 300.286223 
785 300.253965 
786 300.221687 
787 300.189389 
788 300.157071 
789 300.124733 
790 300.092376 
791 300.059999 
792 300.027602 
793 299.995185 
794 299.962749 
795 299.930292 
796 299.897815 
797 299.865319 
798 299.832802 
799 299.800266 
800 299.767709 
801 299.735132 
802 299.702535 
803 299.669918 
804 299.637280 
805 299.604623 
806 299.571945 
807 299.539247 
808 299.506528 
809 299.473789 
810 299.441030 
811 299.408250 
812 299.375450 
813 299.342629 
814 299.309788 
815 299.276927 
816 299.244044 
817 299.211142 
818 299.178218 
819 299.145274 
820 299.112309 
821 299.079324 
822 299.046317 
823 299.013290 
824 298.980242 
825 298.947174 
826 298.914084 
827 298.880973 
828 298.847842 
829 298.814689 
830 298.781516 
831 298.748321 
832 298.715105 
833 298.681869 
834 298.648611 
835 298.615332 
836 298.582032 
837 298.548710 
838 298.515367 
839 298.482003 
840 298.448618 
841 298.415211 
842 298.381783 
843 298.348333 
844 298.314862 
845 298.281369 
846 298.247855 
847 298.214319 
848 298.180762 
849 298.147183 
850 298.113583 
851 298.079960 
852 298.046316 
853 298.012650 
854 297.978963 
855 297.945253 
856 297.911522 
857 297.877769 
858 297.843994 
859 297.810196 
860 297.776377 
861 297.742536 
862 297.708673 
863 297.674787 
864 297.640880 
865 297.606950 
866 297.572998 
867 297.539024 
868 297.505027 
869 297.471008 
870 297.436967 
871 297.402904 
872 297.368818 
873 297.334709 
874 297.300578 
875 297.266425 
876 297.232249 
877 297.198050 
878 297.163829 
879 297.129585 
880 297.095318 
881 297.061028 
882 297.026716 
883 296.992381 
884 296.958023 
885 296.923642 
886 296.889238 
887 296.854812 
888 296.820362 
889 296.785889 
890 296.751393 
891 296.716874 
892 296.682332 
893 296.647766 
894 296.613178 
895 296.578566 
896 296.543931 
897 296.509272 
898 296.474590 
899 296.439885 
900 296.405156 
901 296.370404 
902 296.335628 
903 296.300829 
904 296.266006 
905 296.231159 
906 296.196289 
907 296.161394 
908 296.126477 
909 296.091535 
910 296.056569 
911 296.021580 
912 295.986567 
913 295.951529 
914 295.916468 
915 295.881383 
916 295.846273 
917 295.811140 
918 295.775982 
919 295.740800 
920 295.705594 
921 295.670364 
922 295.635109 
923 295.599830 
924 295.564526 
925 295.529199 
926 295.493846 
927 295.458469 
928 295.423068 
929 295.387642 
930 295.352191 
931 295.316715 
932 295.281215 
933 295.245690 
934 295.210140 
935 295.174566 
936 295.138966 
937 295.103342 
938 295.067692 
939 295.032018 
940 294.996319 
941 294.960594 
942 294.924844 
943 294.889069 
944 294.853269 
945 294.817444 
946 294.781593 
947 294.745717 
948 294.709815 
949 294.673888 
950 294.637936 
951 294.601958 
952 294.565954 
953 294.529925 
954 294.493870 
955 294.457789 
956 294.421683 
957 294.385551 
958 294.349393 
959 294.313209 
960 294.276999 
961 294.240763 
962 294.204501 
963 294.168213 
964 294.131899 
965 294.095559 
966 294.059193 
967 294.022800 
968 293.986381 
969 293.949936 
970 293.913465 
971 293.876967 
972 293.840442 
973 293.803891 
974 293.767313 
975 293.730709 
976 293.694078 
977 293.657421 
978 293.620736 
979 293.584025 
980 293.547287 
981 293.510522 
982 293.473731 
983 293.436912 
984 293.400066 
985 293.363193 
986 293.326293 
987 293.289366 
988 293.252411 
989 293.215429 
990 293.178420 
991 293.141384 
992 293.104320 
993 293.067229 
994 293.030110 
995 292.992963 
996 292.955789 
997 292.918588 
998 292.881358 
999 292.844101 
1000 292.806816 
1001 292.769503 
1002 292.732162 
1003 292.694794 
1004 292.657397 
1005 292.619972 
1006 292.582519 
1007 292.545038 
1008 292.507529 
1009 292.469991 
1010 292.432425 
1011 292.394831 
1012 292.357208 
1013 292.319557 
1014 292.281877 
1015 292.244169 
1016 292.206432 
1017 292.168667 
1018 292.130872 
1019 292.093049 
1020 292.055197 
1021 292.017317 
1022 291.979407 
1023 291.941468 
1024 291.903500 
1025 291.865503 
1026 291.827477 
1027 291.789422 
1028 291.751337 
1029 291.713224 
1030 291.675080 
1031 291.636908 
1032 291.598706 
1033 291.560474 
1034 291.522213 
1035 291.483922 
1036 291.445601 
1037 291.407251 
1038 291.368871 
1039 291.330461 
1040 291.292021 
1041 291.253551 
1042 291.215051 
1043 291.176521 
1044 291.137961 
1045 291.099370 
1046 291.060750 
1047 291.022099 
1048 290.983417 
1049 290.944705 
1050 290.905963 
1051 290.867190 
1052 290.828387 
1053 290.789553 
1054 290.750688 
1055 290.711793 
1056 290.672866 
1057 290.633909 
1058 290.594921 
1059 290.555902 
1060 290.516851 
1061 290.477770 
1062 290.438657 
1063 290.399513 
1064 290.360338 
1065 290.321132 
1066 290.281894 
1067 290.242624 
1068 290.203323 
1069 290.163991 
1070 290.124626 
1071 290.085230 
1072 290.045803 
1073 290.006343 
1074 289.966851 
1075 289.927328 
1076 289.887772 
1077 289.848185 
1078 289.808565 
1079 289.768913 
1080 289.729228 
1081 289.689512 
1082 289.649763 
1083 289.609981 
1084 289.570167 
1085 289.530320 
1086 289.490441 
1087 289.450529 
1088 289.410584 
1089 289.370606 
1090 289.330595 
1091 289.290552 
1092 289.250475 
1093 289.210365 
1094 289.170222 
1095 289.130046 
1096 289.089836 
1097 289.049593 
1098 289.009317 
1099 288.969007 
1100 288.928663 
1101 288.888286 
1102 288.847875 
1103 288.807430 
1104 288.766952 
1105 288.726439 
1106 288.685893 
1107 288.645312 
1108 288.604698 
1109 288.564049 
1110 288.523366 
1111 288.482648 
1112 288.441896 
1113 288.401110 
1114 288.360289 
1115 288.319434 
1116 288.278544 
1117 288.237619 
1118 288.196659 
1119 288.155665 
1120 288.114635 
1121 288.073571 
1122 288.032471 
1123 287.991336 
1124 287.950166 
1125 287.908961 
1126 287.867720 
1127 287.826444 
1128 287.785132 
1129 287.743785 
1130 287.702402 
1131 287.660983 
1132 287.619528 
1133 287.578037 
1134 287.536511 
1135 287.494948 
1136 287.453350 
1137 287.411715 
1138 287.370044 
1139 287.328336 
1140 287.286592 
1141 287.244811 
1142 287.202994 
1143 287.161141 
1144 287.119250 
1145 287.077323 
1146 287.035359 
1147 286.993358 
1148 286.951320 
1149 286.909244 
1150 286.867132 
1151 286.824982 
1152 286.782795 
1153 286.740570 
1154 286.698308 
1155 286.656009 
1156 286.613671 
1157 286.571296 
1158 286.528883 
1159 286.486432 
1160 286.443943 
1161 286.401417 
1162 286.358851 
1163 286.316248 
1164 286.273606 
1165 286.230926 
1166 286.188208 
1167 286.145451 
1168 286.102655 
1169 286.059821 
1170 286.016947 
1171 285.974035 
1172 285.931084 
1173 285.888094 
1174 285.845064 
1175 285.801995 
1176 285.758887 
1177 285.715740 
1178 285.672553 
1179 285.629327 
1180 285.586060 
1181 285.542754 
1182 285.499409 
1183 285.456023 
1184 285.412597 
1185 285.369131 
1186 285.325625 
1187 285.282079 
1188 285.238492 
1189 285.194865 
1190 285.151197 
1191 285.107489 
1192 285.063740 
1193 285.019950 
1194 284.976119 
1195 284.932247 
1196 284.888334 
1197 284.844380 
1198 284.800385 
1199 284.756348 
1200 284.712270 
1201 284.668150 
1202 284.623989 
1203 284.579785 
1204 284.535540 
1205 284.491253 
1206 284.446924 
1207 284.402553 
1208 284.358140 
1209 284.313684 
1210 284.269186 
1211 284.224645 
1212 284.180062 
1213 284.135436 
1214 284.090768 
1215 284.046056 
1216 284.001302 
1217 283.956504 
1218 283.911663 
1219 283.866779 
1220 283.821851 
1221 283.776880 
1222 283.731866 
1223 283.686807 
1224 283.641705 
1225 283.596559 
1226 283.551369 
1227 283.506135 
1228 283.460857 
1229 283.415534 
1230 283.370167 
1231 283.324756 
1232 283.279300 
1233 283.233799 
1234 283.188253 
1235 283.142663 
1236 283.097027 
1237 283.051346 
1238 283.005620 
1239 282.959849 
1240 282.914032 
1241 282.868170 
1242 282.822262 
1243 282.776308 
1244 282.730308 
1245 282.684262 
1246 282.638171 
1247 282.592033 
1248 282.545848 
1249 282.499617 
1250 282.453340 
1251 282.407016 
1252 282.360645 
1253 282.314228 
1254 282.267763 
1255 282.221251 
1256 282.174692 
1257 282.128086 
1258 282.081432 
1259 282.034731 
1260 281.987981 
1261 281.941185 
1262 281.894340 
1263 281.847447 
1264 281.800506 
1265 281.753517 
1266 281.706479 
1267 281.659393 
1268 281.612258 
1269 281.565075 
1270 281.517843 
1271 281.470561 
1272 281.423231 
1273 281.375851 
1274 281.328422 
1275 281.280944 
1276 281.233416 
1277 281.185838 
1278 281.138211 
1279 281.090533 
1280 281.042805 
1281 280.995028 
1282 280.947199 
1283 280.899321 
1284 280.851391 
1285 280.803412 
1286 280.755381 
1287 280.707299 
1288 280.659166 
1289 280.610982 
1290 280.562747 
1291 280.514460 
1292 280.466121 
1293 280.417731 
1294 280.369289 
1295 280.320795 
1296 280.272248 
1297 280.223650 
1298 280.174999 
1299 280.126295 
1300 280.077539 
1301 280.028730 
1302 279.979868 
1303 279.930953 
1304 279.881985 
1305 279.832963 
1306 279.783888 
1307 279.734759 
1308 279.685576 
1309 279.636340 
1310 279.587049 
1311 279.537705 
1312 279.488306 
1313 279.438852 
1314 279.389344 
1315 279.339781 
1316 279.290163 
1317 279.240490 
1318 279.190762 
1319 279.140978 
1320 279.091139 
1321 279.041245 
1322 278.991294 
1323 278.941288 
1324 278.891226 
1325 278.841107 
1326 278.790932 
1327 278.740701 
1328 278.690412 
1329 278.640067 
1330 278.589665 
1331 278.539206 
1332 278.488690 
1333 278.438116 
1334 278.387484 
1335 278.336795 
1336 278.286048 
1337 278.235242 
1338 278.184379 
1339 278.133457 
1340 278.082477 
1341 278.031437 
1342 277.980339 
1343 277.929182 
1344 277.877966 
1345 277.826691 
1346 277.775356 
1347 277.723961 
1348 277.672506 
1349 277.620992 
1350 277.569417 
1351 277.517782 
1352 277.466086 
1353 277.414330 
1354 277.362513 
1355 277.310635 
1356 277.258695 
1357 277.206695 
1358 277.154632 
1359 277.102509 
1360 277.050323 
1361 276.998075 
1362 276.945765 
1363 276.893393 
1364 276.840958 
1365 276.788460 
1366 276.735899 
1367 276.683276 
1368 276.630589 
1369 276.577838 
1370 276.525024 
1371 276.472146 
1372 276.419204 
1373 276.366198 
1374 276.313127 
1375 276.259992 
1376 276.206792 
1377 276.153528 
1378 276.100198 
1379 276.046802 
1380 275.993342 
1381 275.939815 
1382 275.886223 
1383 275.832565 
1384 275.778840 
1385 275.725049 
1386 275.671191 
1387 275.617267 
1388 275.563275 
1389 275.509216 
1390 275.455090 
1391 275.400896 
1392 275.346634 
1393 275.292305 
1394 275.237907 
1395 275.183440 
1396 275.128905 
1397 275.074301 
1398 275.019628 
1399 274.964886 
1400 274.910074 
1401 274.855192 
1402 274.800241 
1403 274.745220 
1404 274.690128 
1405 274.634966 
1406 274.579733 
1407 274.524429 
1408 274.469054 
1409 274.413607 
1410 274.358089 
1411 274.302499 
1412 274.246837 
1413 274.191103 
1414 274.135296 
1415 274.079417 
1416 274.023464 
1417 273.967439 
1418 273.911340 
1419 273.855168 
1420 273.798921 
1421 273.742601 
1422 273.686206 
1423 273.629737 
1424 273.573193 
1425 273.516574 
1426 273.459880 
1427 273.403111 
1428 273.346265 
1429 273.289344 
1430 273.232347 
1431 273.175273 
1432 273.118122 
1433 273.060895 
1434 273.003591 
1435 272.946209 
1436 272.888749 
1437 272.831212 
1438 272.773596 
1439 272.715902 
1440 272.658129 
1441 272.600278 
1442 272.542347 
1443 272.484337 
1444 272.426248 
1445 272.368078 
1446 272.309828 
1447 272.251498 
1448 272.193087 
1449 272.134595 
1450 272.076022 
1451 272.017367 
1452 271.958631 
1453 271.899813 
1454 271.840912 
1455 271.781929 
1456 271.722863 
1457 271.663713 
1458 271.604481 
1459 271.545165 
1460 271.485764 
1461 271.426280 
1462 271.366711 
1463 271.307057 
1464 271.247318 
1465 271.187494 
1466 271.127584 
1467 271.067588 
1468 271.007506 
1469 270.947338 
1470 270.887082 
1471 270.826740 
1472 270.766310 
1473 270.705792 
1474 270.645187 
1475 270.584493 
1476 270.523710 
1477 270.462839 
1478 270.401878 
1479 270.340828 
1480 270.279688 
1481 270.218458 
1482 270.157137 
1483 270.095725 
1484 270.034223 
1485 269.972629 
1486 269.910943 
1487 269.849165 
1488 269.787295 
1489 269.725332 
1490 269.663276 
1491 269.601127 
1492 269.538884 
1493 269.476547 
1494 269.414116 
1495 269.351590 
1496 269.288969 
1497 269.226252 
1498 269.163440 
1499 269.100532 
1500 269.037527 
1501 268.974426 
1502 268.911227 
1503 268.847931 
1504 268.784537 
1505 268.721045 
1506 268.657455 
1507 268.593765 
1508 268.529977 
1509 268.466089 
1510 268.402100 
1511 268.338012 
1512 268.273823 
1513 268.209532 
1514 268.145140 
1515 268.080647 
1516 268.016051 
1517 267.951352 
1518 267.886551 
1519 267.821646 
1520 267.756637 
1521 267.691525 
1522 267.626307 
1523 267.560985 
1524 267.495558 
1525 267.430024 
1526 267.364385 
1527 267.298639 
1528 267.232786 
1529 267.166826 
1530 267.100758 
1531 267.034582 
1532 266.968297 
1533 266.901903 
1534 266.835400 
1535 266.768787 
1536 266.702064 
1537 266.635230 
1538 266.568284 
1539 266.501228 
1540 266.434059 
1541 266.366778 
1542 266.299384 
1543 266.231876 
1544 266.164255 
1545 266.096519 
1546 266.028669 
1547 265.960704 
1548 265.892623 
1549 265.824426 
1550 265.756112 
1551 265.687682 
1552 265.619134 
1553 265.550468 
1554 265.481683 
1555 265.412780 
1556 265.343757 
1557 265.274615 
1558 265.205352 
1559 265.135968 
1560 265.066463 
1561 264.996836 
1562 264.927087 
1563 264.857214 
1564 264.787219 
1565 264.717100 
1566 264.646856 
1567 264.576487 
1568 264.505993 
1569 264.435373 
1570 264.364627 
1571 264.293753 
1572 264.222752 
1573 264.151623 
1574 264.080365 
1575 264.008978 
1576 263.937462 
1577 263.865815 
1578 263.794037 
1579 263.722128 
1580 263.650087 
1581 263.577913 
1582 263.505606 
1583 263.433166 
1584 263.360592 
1585 263.287882 
1586 263.215037 
1587 263.142057 
1588 263.068939 
1589 262.995685 
1590 262.922292 
1591 262.848761 
1592 262.775091 
1593 262.701282 
1594 262.627332 
1595 262.553242 
1596 262.479009 
1597 262.404635 
1598 262.330118 
1599 262.255458 
1600 262.180653 
1601 262.105704 
1602 262.030609 
1603 261.955368 
1604 261.879981 
1605 261.804446 
1606 261.728763 
1607 261.652932 
1608 261.576951 
1609 261.500820 
1610 261.424538 
1611 261.348105 
1612 261.271519 
1613 261.194781 
1614 261.117888 
1615 261.040842 
1616 260.963641 
1617 260.886283 
1618 260.808769 
1619 260.731098 
1620 260.653269 
1621 260.575281 
1622 260.497134 
1623 260.418826 
1624 260.340357 
1625 260.261727 
1626 260.182933 
1627 260.103977 
1628 260.024856 
1629 259.945570 
1630 259.866118 
1631 259.786500 
1632 259.706714 
1633 259.626760 
1634 259.546637 
1635 259.466344 
1636 259.385881 
1637 259.305245 
1638 259.224437 
1639 259.143456 
1640 259.062301 
1641 258.980971 
1642 258.899464 
1643 258.817781 
1644 258.735920 
1645 258.653880 
1646 258.571661 
1647 258.489262 
1648 258.406681 
1649 258.323917 
1650 258.240971 
1651 258.157840 
1652 258.074524 
1653 257.991021 
1654 257.907332 
1655 257.823455 
1656 257.739388 
1657 257.655132 
1658 257.570684 
1659 257.486044 
1660 257.401211 
1661 257.316184 
1662 257.230962 
1663 257.145544 
1664 257.059928 
1665 256.974114 
1666 256.888100 
1667 256.801887 
1668 256.715471 
1669 256.628853 
1670 256.542031 
1671 256.455004 
1672 256.367771 
1673 256.280331 
1674 256.192682 
1675 256.104824 
1676 256.016756 
1677 255.928475 
1678 255.839982 
1679 255.751274 
1680 255.662351 
1681 255.573211 
1682 255.483854 
1683 255.394277 
1684 255.304480 
1685 255.214461 
1686 255.124219 
1687 255.033753 
1688 254.943062 
1689 254.852144 
1690 254.760997 
1691 254.669621 
1692 254.578015 
1693 254.486176 
1694 254.394104 
1695 254.301796 
1696 254.209253 
1697 254.116471 
1698 254.023451 
1699 253.930190 
1700 253.836687 
1701 253.742940 
1702 253.648948 
1703 253.554710 
1704 253.460224 
1705 253.365489 
1706 253.270502 
1707 253.175263 
1708 253.079770 
1709 252.984021 
1710 252.888014 
1711 252.791749 
1712 252.695223 
1713 252.598435 
1714 252.501384 
1715 252.404066 
1716 252.306482 
1717 252.208628 
1718 252.110504 
1719 252.012107 
1720 251.913437 
1721 251.814490 
1722 251.715266 
1723 251.615762 
1724 251.515977 
1725 251.415908 
1726 251.315555 
1727 251.214914 
1728 251.113985 
1729 251.012765 
1730 250.911252 
1731 250.809444 
1732 250.707340 
1733 250.604937 
1734 250.502233 
1735 250.399226 
1736 250.295915 
1737 250.192296 
1738 250.088368 
1739 249.984130 
1740 249.879577 
1741 249.774710 
1742 249.669524 
1743 249.564018 
1744 249.458190 
1745 249.352038 
1746 249.245558 
1747 249.138749 
1748 249.031609 
1749 248.924134 
1750 248.816324 
1751 248.708174 
1752 248.599683 
1753 248.490848 
1754 248.381667 
1755 248.272137 
1756 248.162255 
1757 248.052019 
1758 247.941427 
1759 247.830475 
1760 247.719161 
1761 247.607481 
1762 247.495435 
1763 247.383017 
1764 247.270227 
1765 247.157060 
1766 247.043514 
1767 246.929586 
1768 246.815273 
1769 246.700572 
1770 246.585479 
1771 246.469993 
1772 246.354109 
1773 246.237824 
1774 246.121136 
1775 246.004041 
1776 245.886536 
1777 245.768617 
1778 245.650281 
1779 245.531524 
1780 245.412344 
1781 245.292737 
1782 245.172698 
1783 245.052225 
1784 244.931314 
1785 244.809961 
1786 244.688163 
1787 244.565915 
1788 244.443214 
1789 244.320055 
1790 244.196436 
1791 244.072352 
1792 243.947798 
1793 243.822772 
1794 243.697268 
1795 243.571282 
1796 243.444811 
1797 243.317849 
1798 243.190393 
1799 243.062438 
1800 242.933979 
1801 242.805012 
1802 242.675533 
1803 242.545535 
1804 242.415016 
1805 242.283969 
1806 242.152390 
1807 242.020274 
1808 241.887616 
1809 241.754411 
1810 241.620653 
1811 241.486337 
1812 241.351459 
1813 241.216011 
1814 241.079989 
1815 240.943388 
1816 240.806201 
1817 240.668422 
1818 240.530047 
1819 240.391068 
1820 240.251480 
1821 240.111276 
1822 239.970451 
1823 239.828997 
1824 239.686909 
1825 239.544180 
1826 239.400803 
1827 239.256772 
1828 239.112079 
1829 238.966717 
1830 238.820680 
1831 238.673960 
1832 238.526549 
1833 238.378441 
1834 238.229627 
1835 238.080100 
1836 237.929853 
1837 237.778876 
1838 237.627161 
1839 237.474702 
1840 237.321488 
1841 237.167512 
1842 237.012764 
1843 236.857236 
1844 236.700918 
1845 236.543803 
1846 236.385879 
1847 236.227137 
1848 236.067568 
1849 235.907162 
1850 235.745909 
1851 235.583797 
1852 235.420818 
1853 235.256959 
1854 235.092211 
1855 234.926561 
1856 234.760000 
1857 234.592514 
1858 234.424092 
1859 234.254723 
1860 234.084393 
1861 233.913091 
1862 233.740804 
1863 233.567517 
1864 233.393219 
1865 233.217896 
1866 233.041533 
1867 232.864117 
1868 232.685633 
1869 232.506066 
1870 232.325401 
1871 232.143622 
1872 231.960715 
1873 231.776662 
1874 231.591447 
1875 231.405054 
1876 231.217464 
1877 231.028661 
1878 230.838626 
1879 230.647342 
1880 230.454787 
1881 230.260945 
1882 230.065794 
1883 229.869315 
1884 229.671486 
1885 229.472286 
1886 229.271694 
1887 229.069687 
1888 228.866242 
1889 228.661336 
1890 228.454944 
1891 228.247041 
1892 228.037603 
1893 227.826603 
1894 227.614015 
1895 227.399810 
1896 227.183962 
1897 226.966440 
1898 226.747214 
1899 226.526256 
1900 226.303531 
1901 226.079010 
1902 225.852657 
1903 225.624439 
1904 225.394320 
1905 225.162265 
1906 224.928235 
1907 224.692192 
1908 224.454097 
1909 224.213907 
1910 223.971582 
1911 223.727078 
1912 223.480348 
1913 223.231348 
1914 222.980029 
1915 222.726341 
1916 222.470233 
1917 222.211652 
1918 221.950543 
1919 221.686851 
1920 221.420515 
1921 221.151475 
1922 220.879669 
1923 220.605030 
1924 220.327491 
1925 220.046982 
1926 219.763430 
1927 219.476759 
1928 219.186891 
1929 218.893743 
1930 218.597230 
1931 218.297265 
1932 217.993754 
1933 217.686601 
1934 217.375706 
1935 217.060965 
1936 216.742268 
1937 216.419501 
1938 216.092545 
1939 215.761276 
1940 215.425562 
1941 215.085266 
1942 214.740246 
1943 214.390351 
1944 214.035422 
1945 213.675293 
1946 213.309790 
1947 212.938727 
1948 212.561912 
1949 212.179139 
1950 211.790192 
1951 211.394842 
1952 210.992848 
1953 210.583951 
1954 210.167881 
1955 209.744347 
1956 209.313042 
1957 208.873639 
1958 208.425787 
1959 207.969112 
1960 207.503216 
1961 207.027668 
1962 206.542009 
1963 206.045743 
1964 205.538337 
1965 205.019215 
1966 204.487751 
1967 203.943270 
1968 203.385034 
1969 202.812242 
1970 202.224016 
1971 201.619394 
1972 200.997318 
1973 200.356621 
1974 199.696010 
1975 199.014049 
1976 198.309133 
1977 197.579465 
1978 196.823021 
1979 196.037507 
1980 195.220313 
1981 194.368446 
1982 193.478454 
1983 192.546324 
1984 191.567349 
1985 190.535960 
1986 189.445493 
1987 188.287879 
1988 187.053212 
1989 185.729131 
1990 184.299925 
1991 182.745169 
1992 181.037589 
1993 179.139545 
1994 176.996875 
1995 174.527281 
1996 171.596111 
1997 167.958072 
1998 163.082499 
1999 155.366384 
2000 69.911807 
