0 330.804573 
1 330.788540 
2 330.772505 
3 330.756467 
4 330.740427 
5 330.724384 
6 330.708339 
7 330.692291 
8 330.676241 
9 330.660188 
10 330.644133 
11 330.628076 
12 330.612016 
13 330.595954 
14 330.579889 
15 330.563822 
16 330.547752 
17 330.531680 
18 330.515606 
19 330.499529 
20 330.483449 
21 330.467367 
22 330.451283 
23 330.435196 
24 330.419107 
25 330.403015 
26 330.386921 
27 330.370824 
28 330.354725 
29 330.338624 
30 330.322520 
31 330.306413 
32 330.290304 
33 330.274193 
34 330.258079 
35 330.241963 
36 330.225844 
37 330.209723 
38 330.193599 
39 330.177473 
40 330.161344 
41 330.145213 
42 330.129080 
43 330.112944 
44 330.096805 
45 330.080664 
46 330.064521 
47 330.048375 
48 330.032226 
49 330.016075 
50 329.999922 
51 329.983766 
52 329.967607 
53 329.951447 
54 329.935283 
55 329.919117 
56 329.902949 
57 329.886778 
58 329.870605 
59 329.854429 
60 329.838251 
61 329.822070 
62 329.805887 
63 329.789701 
64 329.773513 
65 329.757322 
66 329.741129 
67 329.724933 
68 329.708734 
69 329.692534 
70 329.676330 
71 329.660125 
72 329.643916 
73 329.627705 
74 329.611492 
75 329.595276 
76 329.579058 
77 329.562837 
78 329.546614 
79 329.530388 
80 329.514160 
81 329.497929 
82 329.481695 
83 329.465459 
84 329.449221 
85 329.432980 
86 329.416736 
87 329.400490 
88 329.384242 
89 329.367991 
90 329.351737 
91 329.335481 
92 329.319222 
93 329.302961 
94 329.286698 
95 329.270431 
96 329.254163 
97 329.237891 
98 329.221617 
99 329.205341 
100 329.189062 
101 329.172781 
102 329.156497 
103 329.140210 
104 329.123921 
105 329.107630 
106 329.091335 
107 329.075039 
108 329.058740 
109 329.042438 
110 329.026133 
111 329.009827 
112 328.993517 
113 328.977205 
114 328.960891 
115 328.944574 
116 328.928254 
117 328.911932 
118 328.895607 
119 328.879280 
120 328.862950 
121 328.846617 
122 328.830282 
123 328.813945 
124 328.797605 
125 328.781262 
126 328.764917 
127 328.748569 
128 328.732219 
129 328.715866 
130 328.699510 
131 328.683152 
132 328.666791 
133 328.650428 
134 328.634062 
135 328.617694 
136 328.601323 
137 328.584949 
138 328.568573 
139 328.552195 
140 328.535813 
141 328.519430 
142 328.503043 
143 328.486654 
144 328.470262 
145 328.453868 
146 328.437471 
147 328.421072 
148 328.404670 
149 328.388266 
150 328.371858 
151 328.355449 
152 328.339036 
153 328.322621 
154 328.306204 
155 328.289784 
156 328.273361 
157 328.256936 
158 328.240508 
159 328.224077 
160 328.207644 
161 328.191208 
162 328.174770 
163 328.158329 
164 328.141885 
165 328.125439 
166 328.108990 
167 328.092539 
168 328.076085 
169 328.059628 
170 328.043169 
171 328.026707 
172 328.010243 
173 327.993776 
174 327.977306 
175 327.960834 
176 327.944359 
177 327.927881 
178 327.911401 
179 327.894918 
180 327.878433 
181 327.861944 
182 327.845454 
183 327.828960 
184 327.812464 
185 327.795966 
186 327.779464 
187 327.762961 
188 327.746454 
189 327.729945 
190 327.713433 
191 327.696919 
192 327.680401 
193 327.663882 
194 327.647359 
195 327.630834 
196 327.614307 
197 327.597776 
198 327.581243 
199 327.564708 
200 327.548169 
201 327.531629 
202 327.515085 
203 327.498539 
204 327.481990 
205 327.465438 
206 327.448884 
207 327.432327 
208 327.415768 
209 327.399206 
210 327.382641 
211 327.366073 
212 327.349503 
213 327.332930 
214 327.316355 
215 327.299776 
216 327.283196 
217 327.266612 
218 327.250026 
219 327.233437 
220 327.216845 
221 327.200251 
222 327.183654 
223 327.167055 
224 327.150453 
225 327.133848 
226 327.117240 
227 327.100630 
228 327.084017 
229 327.067401 
230 327.050783 
231 327.034162 
232 327.017538 
233 327.000911 
234 326.984282 
235 326.967651 
236 326.951016 
237 326.934379 
238 326.917739 
239 326.901096 
240 326.884451 
241 326.867803 
242 326.851152 
243 326.834499 
244 326.817843 
245 326.801184 
246 326.784522 
247 326.767858 
248 326.751191 
249 326.734522 
250 326.717849 
251 326.701174 
252 326.684496 
253 326.667816 
254 326.651133 
255 326.634447 
256 326.617758 
257 326.601067 
258 326.584373 
259 326.567676 
260 326.550976 
261 326.534274 
262 326.517569 
263 326.500861 
264 326.484151 
265 326.467438 
266 326.450722 
267 326.434003 
268 326.417282 
269 326.400558 
270 326.383831 
271 326.367101 
272 326.350369 
273 326.333634 
274 326.316896 
275 326.300155 
276 326.283412 
277 326.266666 
278 326.249917 
279 326.233166 
280 326.216411 
281 326.199654 
282 326.182895 
283 326.166132 
284 326.149367 
285 326.132599 
286 326.115828 
287 326.099054 
288 326.082278 
289 326.065499 
290 326.048717 
291 326.031932 
292 326.015145 
293 325.998355 
294 325.981562 
295 325.964766 
296 325.947968 
297 325.931167 
298 325.914363 
299 325.897556 
300 325.880746 
301 325.863934 
302 325.847119 
303 325.830301 
304 325.813480 
305 325.796657 
306 325.779831 
307 325.763002 
308 325.746170 
309 325.729336 
310 325.712498 
311 325.695658 
312 325.678815 
313 325.661969 
314 325.645121 
315 325.628270 
316 325.611415 
317 325.594559 
318 325.577699 
319 325.560836 
320 325.543971 
321 325.527103 
322 325.510232 
323 325.493358 
324 325.476482 
325 325.459603 
326 325.442721 
327 325.425836 
328 325.408948 
329 325.392057 
330 325.375164 
331 325.358268 
332 325.341369 
333 325.324467 
334 325.307562 
335 325.290655 
336 325.273745 
337 325.256832 
338 325.239916 
339 325.222997 
340 325.206075 
341 325.189151 
342 325.172224 
343 325.155294 
344 325.138361 
345 325.121425 
346 325.104486 
347 325.087545 
348 325.070601 
349 325.053654 
350 325.036704 
351 325.019751 
352 325.002796 
353 324.985837 
354 324.968876 
355 324.951912 
356 324.934945 
357 324.917975 
358 324.901002 
359 324.884027 
360 324.867048 
361 324.850067 
362 324.833083 
363 324.816096 
364 324.799106 
365 324.782114 
366 324.765118 
367 324.748120 
368 324.731119 
369 324.714115 
370 324.697108 
371 324.680098 
372 324.663085 
373 324.646069 
374 324.629051 
375 324.612030 
376 324.595006 
377 324.577978 
378 324.560949 
379 324.543916 
380 324.526880 
381 324.509841 
382 324.492800 
383 324.475756 
384 324.458708 
385 324.441658 
386 324.424605 
387 324.407549 
388 324.390491 
389 324.373429 
390 324.356364 
391 324.339297 
392 324.322226 
393 324.305153 
394 324.288077 
395 324.270998 
396 324.253916 
397 324.236831 
398 324.219743 
399 324.202653 
400 324.185559 
401 324.168463 
402 324.151363 
403 324.134261 
404 324.117156 
405 324.100048 
406 324.082937 
407 324.065823 
408 324.048706 
409 324.031586 
410 324.014463 
411 323.997338 
412 323.980209 
413 323.963077 
414 323.945943 
415 323.928806 
416 323.911665 
417 323.894522 
418 323.877376 
419 323.860227 
420 323.843075 
421 323.825920 
422 323.808762 
423 323.791601 
424 323.774438 
425 323.757271 
426 323.740101 
427 323.722929 
428 323.705753 
429 323.688575 
430 323.671393 
431 323.654209 
432 323.637021 
433 323.619831 
434 323.602638 
435 323.585442 
436 323.568243 
437 323.551040 
438 323.533835 
439 323.516627 
440 323.499416 
441 323.482202 
442 323.464985 
443 323.447766 
444 323.430543 
445 323.413317 
446 323.396088 
447 323.378856 
448 323.361622 
449 323.344384 
450 323.327143 
451 323.309899 
452 323.292653 
453 323.275403 
454 323.258151 
455 323.240895 
456 323.223636 
457 323.206375 
458 323.189110 
459 323.171843 
460 323.154572 
461 323.137299 
462 323.120022 
463 323.102742 
464 323.085460 
465 323.068174 
466 323.050886 
467 323.033594 
468 323.016300 
469 322.999002 
470 322.981702 
471 322.964398 
472 322.947092 
473 322.929782 
474 322.912469 
475 322.895154 
476 322.877835 
477 322.860514 
478 322.843189 
479 322.825861 
480 322.808531 
481 322.791197 
482 322.773860 
483 322.756520 
484 322.739178 
485 322.721832 
486 322.704483 
487 322.687131 
488 322.669776 
489 322.652418 
490 322.635057 
491 322.617693 
492 322.600326 
493 322.582956 
494 322.565583 
495 322.548207 
496 322.530828 
497 322.513446 
498 322.496060 
499 322.478672 
500 322.461281 
501 322.443886 
502 322.426489 
503 322.409088 
504 322.391684 
505 322.374278 
506 322.356868 
507 322.339455 
508 322.322039 
509 322.304620 
510 322.287198 
511 322.269773 
512 322.252345 
513 322.234914 
514 322.217480 
515 322.200043 
516 322.182602 
517 322.165159 
518 322.147712 
519 322.130263 
520 322.112810 
521 322.095354 
522 322.077895 
523 322.060433 
524 322.042968 
525 322.025500 
526 322.008029 
527 321.990555 
528 321.973077 
529 321.955597 
530 321.938113 
531 321.920626 
532 321.903137 
533 321.885644 
534 321.868148 
535 321.850649 
536 321.833146 
537 321.815641 
538 321.798133 
539 321.780621 
540 321.763107 
541 321.745589 
542 321.728068 
543 321.710544 
544 321.693017 
545 321.675487 
546 321.657954 
547 321.640417 
548 321.622878 
549 321.605335 
550 321.587789 
551 321.570240 
552 321.552688 
553 321.535133 
554 321.517575 
555 321.500013 
556 321.482449 
557 321.464881 
558 321.447310 
559 321.429736 
560 321.412159 
561 321.394579 
562 321.376995 
563 321.359409 
564 321.341819 
565 321.324226 
566 321.306630 
567 321.289031 
568 321.271428 
569 321.253823 
570 321.236214 
571 321.218603 
572 321.200988 
573 321.183369 
574 321.165748 
575 321.148124 
576 321.130496 
577 321.112865 
578 321.095231 
579 321.077594 
580 321.059954 
581 321.042311 
582 321.024664 
583 321.007014 
584 320.989361 
585 320.971705 
586 320.954046 
587 320.936383 
588 320.918717 
589 320.901048 
590 320.883376 
591 320.865701 
592 320.848023 
593 320.830341 
594 320.812656 
595 320.794968 
596 320.777277 
597 320.759582 
598 320.741885 
599 320.724184 
600 320.706480 
601 320.688772 
602 320.671062 
603 320.653348 
604 320.635631 
605 320.617911 
606 320.600188 
607 320.582461 
608 320.564731 
609 320.546998 
610 320.529262 
611 320.511523 
612 320.493780 
613 320.476034 
614 320.458285 
615 320.440533 
616 320.422777 
617 320.405019 
618 320.387257 
619 320.369491 
620 320.351723 
621 320.333951 
622 320.316176 
623 320.298398 
624 320.280616 
625 320.262832 
626 320.245044 
627 320.227253 
628 320.209458 
629 320.191661 
630 320.173860 
631 320.156055 
632 320.138248 
633 320.120437 
634 320.102623 
635 320.084806 
636 320.066985 
637 320.049162 
638 320.031335 
639 320.013504 
640 319.995671 
641 319.977834 
642 319.959994 
643 319.942150 
644 319.924304 
645 319.906454 
646 319.888601 
647 319.870744 
648 319.852884 
649 319.835021 
650 319.817155 
651 319.799285 
652 319.781412 
653 319.763536 
654 319.745657 
655 319.727774 
656 319.709888 
657 319.691998 
658 319.674106 
659 319.656210 
660 319.638310 
661 319.620408 
662 319.602502 
663 319.584593 
664 319.566680 
665 319.548764 
666 319.530845 
667 319.512923 
668 319.494997 
669 319.477068 
670 319.459135 
671 319.441200 
672 319.423261 
673 319.405318 
674 319.387372 
675 319.369423 
676 319.351471 
677 319.333515 
678 319.315556 
679 319.297594 
680 319.279628 
681 319.261659 
682 319.243687 
683 319.225711 
684 319.207732 
685 319.189749 
686 319.171764 
687 319.153775 
688 319.135782 
689 319.117786 
690 319.099787 
691 319.081785 
692 319.063779 
693 319.045769 
694 319.027757 
695 319.009741 
696 318.991721 
697 318.973699 
698 318.955673 
699 318.937643 
700 318.919610 
701 318.901574 
702 318.883535 
703 318.865492 
704 318.847445 
705 318.829396 
706 318.811343 
707 318.793286 
708 318.775226 
709 318.757163 
710 318.739097 
711 318.721027 
712 318.702953 
713 318.684876 
714 318.666796 
715 318.648713 
716 318.630626 
717 318.612535 
718 318.594441 
719 318.576344 
720 318.558244 
721 318.540140 
722 318.522032 
723 318.503921 
724 318.485807 
725 318.467689 
726 318.449568 
727 318.431444 
728 318.413316 
729 318.395185 
730 318.377050 
731 318.358912 
732 318.340770 
733 318.322625 
734 318.304476 
735 318.286325 
736 318.268169 
737 318.250010 
738 318.231848 
739 318.213682 
740 318.195513 
741 318.177341 
742 318.159165 
743 318.140985 
744 318.122803 
745 318.104616 
746 318.086426 
747 318.068233 
748 318.050036 
749 318.031836 
750 318.013633 
751 317.995426 
752 317.977215 
753 317.959001 
754 317.940783 
755 317.922563 
756 317.904338 
757 317.886110 
758 317.867879 
759 317.849644 
760 317.831406 
761 317.813164 
762 317.794919 
763 317.776670 
764 317.758418 
765 317.740162 
766 317.721903 
767 317.703640 
768 317.685374 
769 317.667104 
770 317.648831 
771 317.630554 
772 317.612274 
773 317.593990 
774 317.575703 
775 317.557412 
776 317.539118 
777 317.520820 
778 317.502519 
779 317.484214 
780 317.465906 
781 317.447594 
782 317.429279 
783 317.410960 
784 317.392638 
785 317.374312 
786 317.355982 
787 317.337649 
788 317.319313 
789 317.300973 
790 317.282629 
791 317.264282 
792 317.245932 
793 317.227578 
794 317.209220 
795 317.190859 
796 317.172494 
797 317.154126 
798 317.135754 
799 317.117378 
800 317.098999 
801 317.080617 
802 317.062231 
803 317.043841 
804 317.025448 
805 317.007051 
806 316.988651 
807 316.970247 
808 316.951839 
809 316.933428 
810 316.915014 
811 316.896596 
812 316.878174 
813 316.859748 
814 316.841320 
815 316.822887 
816 316.804451 
817 316.786011 
818 316.767568 
819 316.749121 
820 316.730671 
821 316.712217 
822 316.693759 
823 316.675298 
824 316.656833 
825 316.638365 
826 316.619893 
827 316.601417 
828 316.582938 
829 316.564455 
830 316.545969 
831 316.527479 
832 316.508985 
833 316.490488 
834 316.471987 
835 316.453482 
836 316.434974 
837 316.416462 
838 316.397947 
839 316.379428 
840 316.360905 
841 316.342379 
842 316.323849 
843 316.305315 
844 316.286778 
845 316.268237 
846 316.249693 
847 316.231145 
848 316.212593 
849 316.194038 
850 316.175479 
851 316.156916 
852 316.138350 
853 316.119780 
854 316.101206 
855 316.082629 
856 316.064048 
857 316.045463 
858 316.026875 
859 316.008283 
860 315.989687 
861 315.971088 
862 315.952485 
863 315.933878 
864 315.915268 
865 315.896654 
866 315.878036 
867 315.859414 
868 315.840789 
869 315.822161 
870 315.803528 
871 315.784892 
872 315.766252 
873 315.747609 
874 315.728961 
875 315.710310 
876 315.691656 
877 315.672998 
878 315.654335 
879 315.635670 
880 315.617000 
881 315.598327 
882 315.579650 
883 315.560970 
884 315.542285 
885 315.523597 
886 315.504906 
887 315.486210 
888 315.467511 
889 315.448808 
890 315.430101 
891 315.411391 
892 315.392677 
893 315.373959 
894 315.355237 
895 315.336512 
896 315.317783 
897 315.299050 
898 315.280313 
899 315.261573 
900 315.242829 
901 315.224081 
902 315.205330 
903 315.186574 
904 315.167815 
905 315.149052 
906 315.130286 
907 315.111515 
908 315.092741 
909 315.073963 
910 315.055182 
911 315.036396 
912 315.017607 
913 314.998814 
914 314.980017 
915 314.961217 
916 314.942412 
917 314.923604 
918 314.904792 
919 314.885977 
920 314.867157 
921 314.848334 
922 314.829507 
923 314.810676 
924 314.791841 
925 314.773003 
926 314.754160 
927 314.735314 
928 314.716464 
929 314.697611 
930 314.678753 
931 314.659892 
932 314.641026 
933 314.622157 
934 314.603285 
935 314.584408 
936 314.565528 
937 314.546643 
938 314.527755 
939 314.508863 
940 314.489967 
941 314.471068 
942 314.452164 
943 314.433257 
944 314.414346 
945 314.395431 
946 314.376512 
947 314.357589 
948 314.338663 
949 314.319733 
950 314.300798 
951 314.281860 
952 314.262918 
953 314.243972 
954 314.225023 
955 314.206069 
956 314.187112 
957 314.168151 
958 314.149185 
959 314.130216 
960 314.111243 
961 314.092267 
962 314.073286 
963 314.054301 
964 314.035313 
965 314.016321 
966 313.997324 
967 313.978324 
968 313.959320 
969 313.940312 
970 313.921301 
971 313.902285 
972 313.883265 
973 313.864242 
974 313.845214 
975 313.826183 
976 313.807148 
977 313.788109 
978 313.769066 
979 313.750019 
980 313.730968 
981 313.711913 
982 313.692854 
983 313.673792 
984 313.654725 
985 313.635654 
986 313.616580 
987 313.597501 
988 313.578419 
989 313.559333 
990 313.540243 
991 313.521148 
992 313.502050 
993 313.482948 
994 313.463842 
995 313.444732 
996 313.425618 
997 313.406500 
998 313.387378 
999 313.368253 
1000 313.349123 
1001 313.329989 
1002 313.310851 
1003 313.291710 
1004 313.272564 
1005 313.253414 
1006 313.234261 
1007 313.215103 
1008 313.195942 
1009 313.176776 
1010 313.157606 
1011 313.138433 
1012 313.119255 
1013 313.100074 
1014 313.080888 
1015 313.061699 
1016 313.042505 
1017 313.023308 
1018 313.004106 
1019 312.984900 
1020 312.965691 
1021 312.946477 
1022 312.927260 
1023 312.908038 
1024 312.888812 
1025 312.869583 
1026 312.850349 
1027 312.831111 
1028 312.811870 
1029 312.792624 
1030 312.773374 
1031 312.754120 
1032 312.734862 
1033 312.715600 
1034 312.696334 
1035 312.677064 
1036 312.657790 
1037 312.638512 
1038 312.619230 
1039 312.599944 
1040 312.580654 
1041 312.561359 
1042 312.542061 
1043 312.522758 
1044 312.503452 
1045 312.484141 
1046 312.464827 
1047 312.445508 
1048 312.426185 
1049 312.406858 
1050 312.387527 
1051 312.368192 
1052 312.348853 
1053 312.329510 
1054 312.310162 
1055 312.290811 
1056 312.271456 
1057 312.252096 
1058 312.232732 
1059 312.213364 
1060 312.193993 
1061 312.174617 
1062 312.155236 
1063 312.135852 
1064 312.116464 
1065 312.097071 
1066 312.077675 
1067 312.058274 
1068 312.038869 
1069 312.019460 
1070 312.000047 
1071 311.980630 
1072 311.961209 
1073 311.941783 
1074 311.922354 
1075 311.902920 
1076 311.883482 
1077 311.864040 
1078 311.844594 
1079 311.825143 
1080 311.805689 
1081 311.786230 
1082 311.766767 
1083 311.747300 
1084 311.727829 
1085 311.708354 
1086 311.688875 
1087 311.669391 
1088 311.649903 
1089 311.630411 
1090 311.610915 
1091 311.591415 
1092 311.571910 
1093 311.552401 
1094 311.532889 
1095 311.513372 
1096 311.493850 
1097 311.474325 
1098 311.454795 
1099 311.435261 
1100 311.415723 
1101 311.396181 
1102 311.376635 
1103 311.357084 
1104 311.337529 
1105 311.317970 
1106 311.298407 
1107 311.278839 
1108 311.259267 
1109 311.239691 
1110 311.220111 
1111 311.200527 
1112 311.180938 
1113 311.161345 
1114 311.141748 
1115 311.122147 
1116 311.102541 
1117 311.082931 
1118 311.063317 
1119 311.043699 
1120 311.024076 
1121 311.004449 
1122 310.984818 
1123 310.965183 
1124 310.945543 
1125 310.925899 
1126 310.906251 
1127 310.886599 
1128 310.866942 
1129 310.847281 
1130 310.827616 
1131 310.807947 
1132 310.788273 
1133 310.768595 
1134 310.748912 
1135 310.729226 
1136 310.709535 
1137 310.689839 
1138 310.670140 
1139 310.650436 
1140 310.630728 
1141 310.611015 
1142 310.591299 
1143 310.571578 
1144 310.551852 
1145 310.532123 
1146 310.512389 
1147 310.492650 
1148 310.472908 
1149 310.453161 
1150 310.433409 
1151 310.413654 
1152 310.393894 
1153 310.374130 
1154 310.354361 
1155 310.334588 
1156 310.314811 
1157 310.295029 
1158 310.275243 
1159 310.255453 
1160 310.235658 
1161 310.215859 
1162 310.196055 
1163 310.176248 
1164 310.156435 
1165 310.136619 
1166 310.116798 
1167 310.096973 
1168 310.077143 
1169 310.057309 
1170 310.037471 
1171 310.017628 
1172 309.997781 
1173 309.977929 
1174 309.958073 
1175 309.938213 
1176 309.918348 
1177 309.898479 
1178 309.878606 
1179 309.858728 
1180 309.838845 
1181 309.818959 
1182 309.799068 
1183 309.779172 
1184 309.759272 
1185 309.739368 
1186 309.719459 
1187 309.699546 
1188 309.679628 
1189 309.659706 
1190 309.639779 
1191 309.619848 
1192 309.599913 
1193 309.579973 
1194 309.560029 
1195 309.540080 
1196 309.520127 
1197 309.500169 
1198 309.480207 
1199 309.460241 
1200 309.440270 
1201 309.420294 
1202 309.400314 
1203 309.380330 
1204 309.360341 
1205 309.340348 
1206 309.320350 
1207 309.300347 
1208 309.280341 
1209 309.260329 
1210 309.240314 
1211 309.220293 
1212 309.200269 
1213 309.180239 
1214 309.160206 
1215 309.140167 
1216 309.120125 
1217 309.100078 
1218 309.080026 
1219 309.059970 
1220 309.039909 
1221 309.019843 
1222 308.999774 
1223 308.979699 
1224 308.959620 
1225 308.939537 
1226 308.919449 
1227 308.899357 
1228 308.879260 
1229 308.859158 
1230 308.839052 
1231 308.818941 
1232 308.798826 
1233 308.778707 
1234 308.758582 
1235 308.738454 
1236 308.718320 
1237 308.698182 
1238 308.678040 
1239 308.657893 
1240 308.637741 
1241 308.617585 
1242 308.597424 
1243 308.577259 
1244 308.557089 
1245 308.536914 
1246 308.516735 
1247 308.496551 
1248 308.476363 
1249 308.456170 
1250 308.435973 
1251 308.415770 
1252 308.395564 
1253 308.375352 
1254 308.355136 
1255 308.334916 
1256 308.314691 
1257 308.294461 
1258 308.274227 
1259 308.253988 
1260 308.233744 
1261 308.213496 
1262 308.193243 
1263 308.172985 
1264 308.152723 
1265 308.132456 
1266 308.112185 
1267 308.091909 
1268 308.071628 
1269 308.051342 
1270 308.031052 
1271 308.010758 
1272 307.990458 
1273 307.970154 
1274 307.949845 
1275 307.929532 
1276 307.909214 
1277 307.888891 
1278 307.868564 
1279 307.848232 
1280 307.827895 
1281 307.807553 
1282 307.787207 
1283 307.766856 
1284 307.746501 
1285 307.726140 
1286 307.705776 
1287 307.685406 
1288 307.665031 
1289 307.644652 
1290 307.624269 
1291 307.603880 
1292 307.583487 
1293 307.563089 
1294 307.542686 
1295 307.522279 
1296 307.501866 
1297 307.481450 
1298 307.461028 
1299 307.440602 
1300 307.420170 
1301 307.399735 
1302 307.379294 
1303 307.358849 
1304 307.338398 
1305 307.317944 
1306 307.297484 
1307 307.277020 
1308 307.256550 
1309 307.236076 
1310 307.215598 
1311 307.195114 
1312 307.174626 
1313 307.154133 
1314 307.133635 
1315 307.113132 
1316 307.092625 
1317 307.072113 
1318 307.051596 
1319 307.031074 
1320 307.010547 
1321 306.990016 
1322 306.969479 
1323 306.948938 
1324 306.928392 
1325 306.907842 
1326 306.887286 
1327 306.866726 
1328 306.846161 
1329 306.825591 
1330 306.805016 
1331 306.784436 
1332 306.763851 
1333 306.743262 
1334 306.722668 
1335 306.702069 
1336 306.681465 
1337 306.660856 
1338 306.640242 
1339 306.619624 
1340 306.599000 
1341 306.578372 
1342 306.557739 
1343 306.537101 
1344 306.516458 
1345 306.495810 
1346 306.475158 
1347 306.454500 
1348 306.433838 
1349 306.413170 
1350 306.392498 
1351 306.371821 
1352 306.351139 
1353 306.330452 
1354 306.309760 
1355 306.289064 
1356 306.268362 
1357 306.247655 
1358 306.226944 
1359 306.206227 
1360 306.185506 
1361 306.164780 
1362 306.144048 
1363 306.123312 
1364 306.102571 
1365 306.081825 
1366 306.061074 
1367 306.040318 
1368 306.019557 
1369 305.998791 
1370 305.978020 
1371 305.957245 
1372 305.936464 
1373 305.915678 
1374 305.894887 
1375 305.874092 
1376 305.853291 
1377 305.832485 
1378 305.811675 
1379 305.790859 
1380 305.770038 
1381 305.749213 
1382 305.728382 
1383 305.707546 
1384 305.686706 
1385 305.665860 
1386 305.645009 
1387 305.624154 
1388 305.603293 
1389 305.582427 
1390 305.561557 
1391 305.540681 
1392 305.519800 
1393 305.498914 
1394 305.478023 
1395 305.457127 
1396 305.436226 
1397 305.415320 
1398 305.394409 
1399 305.373493 
1400 305.352572 
1401 305.331646 
1402 305.310714 
1403 305.289778 
1404 305.268836 
1405 305.247890 
1406 305.226938 
1407 305.205982 
1408 305.185020 
1409 305.164053 
1410 305.143081 
1411 305.122104 
1412 305.101122 
1413 305.080134 
1414 305.059142 
1415 305.038145 
1416 305.017142 
1417 304.996134 
1418 304.975122 
1419 304.954104 
1420 304.933080 
1421 304.912052 
1422 304.891019 
1423 304.869980 
1424 304.848937 
1425 304.827888 
1426 304.806834 
1427 304.785775 
1428 304.764711 
1429 304.743642 
1430 304.722567 
1431 304.701487 
1432 304.680402 
1433 304.659312 
1434 304.638217 
1435 304.617117 
1436 304.596011 
1437 304.574901 
1438 304.553785 
1439 304.532663 
1440 304.511537 
1441 304.490406 
1442 304.469269 
1443 304.448127 
1444 304.426980 
1445 304.405828 
1446 304.384670 
1447 304.363507 
1448 304.342339 
1449 304.321166 
1450 304.299988 
1451 304.278804 
1452 304.257615 
1453 304.236421 
1454 304.215221 
1455 304.194017 
1456 304.172807 
1457 304.151592 
1458 304.130371 
1459 304.109146 
1460 304.087915 
1461 304.066678 
1462 304.045437 
1463 304.024190 
1464 304.002938 
1465 303.981681 
1466 303.960418 
1467 303.939150 
1468 303.917877 
1469 303.896599 
1470 303.875315 
1471 303.854026 
1472 303.832732 
1473 303.811432 
1474 303.790127 
1475 303.768817 
1476 303.747501 
1477 303.726180 
1478 303.704854 
1479 303.683522 
1480 303.662185 
1481 303.640843 
1482 303.619495 
1483 303.598142 
1484 303.576784 
1485 303.555420 
1486 303.534051 
1487 303.512677 
1488 303.491297 
1489 303.469912 
1490 303.448521 
1491 303.427125 
1492 303.405724 
1493 303.384317 
1494 303.362905 
1495 303.341488 
1496 303.320065 
1497 303.298637 
1498 303.277203 
1499 303.255764 
1500 303.234320 
1501 303.212870 
1502 303.191415 
1503 303.169954 
1504 303.148488 
1505 303.127016 
1506 303.105539 
1507 303.084057 
1508 303.062569 
1509 303.041076 
1510 303.019577 
1511 302.998073 
1512 302.976563 
1513 302.955048 
1514 302.933528 
1515 302.912002 
1516 302.890470 
1517 302.868933 
1518 302.847391 
1519 302.825843 
1520 302.804289 
1521 302.782731 
1522 302.761166 
1523 302.739596 
1524 302.718021 
1525 302.696440 
1526 302.674854 
1527 302.653262 
1528 302.631665 
1529 302.610062 
1530 302.588453 
1531 302.566839 
1532 302.545220 
1533 302.523595 
1534 302.501964 
1535 302.480328 
1536 302.458687 
1537 302.437039 
1538 302.415387 
1539 302.393728 
1540 302.372065 
1541 302.350395 
1542 302.328720 
1543 302.307040 
1544 302.285354 
1545 302.263662 
1546 302.241965 
1547 302.220262 
1548 302.198553 
1549 302.176839 
1550 302.155120 
1551 302.133394 
1552 302.111664 
1553 302.089927 
1554 302.068185 
1555 302.046437 
1556 302.024684 
1557 302.002925 
1558 301.981161 
1559 301.959390 
1560 301.937615 
1561 301.915833 
1562 301.894046 
1563 301.872253 
1564 301.850455 
1565 301.828651 
1566 301.806841 
1567 301.785026 
1568 301.763205 
1569 301.741378 
1570 301.719545 
1571 301.697707 
1572 301.675864 
1573 301.654014 
1574 301.632159 
1575 301.610298 
1576 301.588432 
1577 301.566559 
1578 301.544681 
1579 301.522798 
1580 301.500908 
1581 301.479013 
1582 301.457112 
1583 301.435206 
1584 301.413294 
1585 301.391376 
1586 301.369452 
1587 301.347522 
1588 301.325587 
1589 301.303646 
1590 301.281699 
1591 301.259747 
1592 301.237788 
1593 301.215824 
1594 301.193855 
1595 301.171879 
1596 301.149898 
1597 301.127910 
1598 301.105917 
1599 301.083919 
1600 301.061914 
1601 301.039904 
1602 301.017888 
1603 300.995866 
1604 300.973838 
1605 300.951804 
1606 300.929765 
1607 300.907720 
1608 300.885668 
1609 300.863612 
1610 300.841549 
1611 300.819480 
1612 300.797406 
1613 300.775325 
1614 300.753239 
1615 300.731147 
1616 300.709049 
1617 300.686946 
1618 300.664836 
1619 300.642721 
1620 300.620599 
1621 300.598472 
1622 300.576339 
1623 300.554200 
1624 300.532055 
1625 300.509904 
1626 300.487747 
1627 300.465585 
1628 300.443416 
1629 300.421242 
1630 300.399061 
1631 300.376875 
1632 300.354683 
1633 300.332484 
1634 300.310280 
1635 300.288070 
1636 300.265854 
1637 300.243632 
1638 300.221404 
1639 300.199170 
1640 300.176930 
1641 300.154685 
1642 300.132433 
1643 300.110175 
1644 300.087911 
1645 300.065641 
1646 300.043366 
1647 300.021084 
1648 299.998796 
1649 299.976502 
1650 299.954203 
1651 299.931897 
1652 299.909585 
1653 299.887267 
1654 299.864943 
1655 299.842614 
1656 299.820278 
1657 299.797936 
1658 299.775588 
1659 299.753234 
1660 299.730874 
1661 299.708508 
1662 299.686135 
1663 299.663757 
1664 299.641373 
1665 299.618982 
1666 299.596586 
1667 299.574183 
1668 299.551775 
1669 299.529360 
1670 299.506939 
1671 299.484512 
1672 299.462079 
1673 299.439640 
1674 299.417195 
1675 299.394743 
1676 299.372286 
1677 299.349822 
1678 299.327352 
1679 299.304876 
1680 299.282394 
1681 299.259906 
1682 299.237412 
1683 299.214911 
1684 299.192404 
1685 299.169892 
1686 299.147373 
1687 299.124847 
1688 299.102316 
1689 299.079779 
1690 299.057235 
1691 299.034685 
1692 299.012129 
1693 298.989567 
1694 298.966998 
1695 298.944423 
1696 298.921842 
1697 298.899255 
1698 298.876662 
1699 298.854062 
1700 298.831456 
1701 298.808844 
1702 298.786226 
1703 298.763601 
1704 298.740971 
1705 298.718333 
1706 298.695690 
1707 298.673041 
1708 298.650385 
1709 298.627723 
1710 298.605054 
1711 298.582379 
1712 298.559698 
1713 298.537011 
1714 298.514318 
1715 298.491618 
1716 298.468912 
1717 298.446199 
1718 298.423480 
1719 298.400755 
1720 298.378024 
1721 298.355286 
1722 298.332542 
1723 298.309791 
1724 298.287034 
1725 298.264271 
1726 298.241502 
1727 298.218726 
1728 298.195944 
1729 298.173155 
1730 298.150360 
1731 298.127559 
1732 298.104751 
1733 298.081937 
1734 298.059116 
1735 298.036289 
1736 298.013456 
1737 297.990616 
1738 297.967770 
1739 297.944918 
1740 297.922059 
1741 297.899193 
1742 297.876321 
1743 297.853443 
1744 297.830558 
1745 297.807667 
1746 297.784770 
1747 297.761866 
1748 297.738955 
1749 297.716038 
1750 297.693115 
1751 297.670185 
1752 297.647248 
1753 297.624305 
1754 297.601356 
1755 297.578400 
1756 297.555438 
1757 297.532469 
1758 297.509494 
1759 297.486512 
1760 297.463523 
1761 297.440528 
1762 297.417527 
1763 297.394519 
1764 297.371504 
1765 297.348483 
1766 297.325456 
1767 297.302421 
1768 297.279381 
1769 297.256333 
1770 297.233279 
1771 297.210219 
1772 297.187152 
1773 297.164078 
1774 297.140998 
1775 297.117911 
1776 297.094818 
1777 297.071718 
1778 297.048611 
1779 297.025498 
1780 297.002378 
1781 296.979252 
1782 296.956119 
1783 296.932979 
1784 296.909833 
1785 296.886680 
1786 296.863520 
1787 296.840354 
1788 296.817181 
1789 296.794001 
1790 296.770815 
1791 296.747622 
1792 296.724422 
1793 296.701216 
1794 296.678003 
1795 296.654783 
1796 296.631556 
1797 296.608323 
1798 296.585083 
1799 296.561837 
1800 296.538584 
1801 296.515323 
1802 296.492057 
1803 296.468783 
1804 296.445503 
1805 296.422216 
1806 296.398922 
1807 296.375622 
1808 296.352315 
1809 296.329001 
1810 296.305680 
1811 296.282352 
1812 296.259018 
1813 296.235677 
1814 296.212329 
1815 296.188974 
1816 296.165612 
1817 296.142244 
1818 296.118869 
1819 296.095487 
1820 296.072098 
1821 296.048702 
1822 296.025300 
1823 296.001890 
1824 295.978474 
1825 295.955051 
1826 295.931621 
1827 295.908185 
1828 295.884741 
1829 295.861290 
1830 295.837833 
1831 295.814369 
1832 295.790898 
1833 295.767420 
1834 295.743935 
1835 295.720443 
1836 295.696944 
1837 295.673438 
1838 295.649926 
1839 295.626406 
1840 295.602880 
1841 295.579346 
1842 295.555806 
1843 295.532258 
1844 295.508704 
1845 295.485143 
1846 295.461575 
1847 295.437999 
1848 295.414417 
1849 295.390828 
1850 295.367232 
1851 295.343629 
1852 295.320019 
1853 295.296402 
1854 295.272777 
1855 295.249146 
1856 295.225508 
1857 295.201863 
1858 295.178211 
1859 295.154551 
1860 295.130885 
1861 295.107212 
1862 295.083531 
1863 295.059844 
1864 295.036149 
1865 295.012447 
1866 294.988739 
1867 294.965023 
1868 294.941300 
1869 294.917570 
1870 294.893833 
1871 294.870089 
1872 294.846337 
1873 294.822579 
1874 294.798813 
1875 294.775041 
1876 294.751261 
1877 294.727474 
1878 294.703680 
1879 294.679879 
1880 294.656070 
1881 294.632255 
1882 294.608432 
1883 294.584602 
1884 294.560765 
1885 294.536920 
1886 294.513069 
1887 294.489210 
1888 294.465344 
1889 294.441471 
1890 294.417591 
1891 294.393703 
1892 294.369809 
1893 294.345907 
1894 294.321997 
1895 294.298081 
1896 294.274157 
1897 294.250226 
1898 294.226288 
1899 294.202342 
1900 294.178390 
1901 294.154429 
1902 294.130462 
1903 294.106487 
1904 294.082505 
1905 294.058516 
1906 294.034520 
1907 294.010516 
1908 293.986505 
1909 293.962486 
1910 293.938460 
1911 293.914427 
1912 293.890386 
1913 293.866338 
1914 293.842283 
1915 293.818221 
1916 293.794151 
1917 293.770073 
1918 293.745988 
1919 293.721896 
1920 293.697797 
1921 293.673690 
1922 293.649575 
1923 293.625454 
1924 293.601324 
1925 293.577188 
1926 293.553044 
1927 293.528892 
1928 293.504733 
1929 293.480567 
1930 293.456393 
1931 293.432212 
1932 293.408023 
1933 293.383827 
1934 293.359623 
1935 293.335412 
1936 293.311194 
1937 293.286967 
1938 293.262734 
1939 293.238493 
1940 293.214244 
1941 293.189988 
1942 293.165724 
1943 293.141453 
1944 293.117174 
1945 293.092887 
1946 293.068593 
1947 293.044292 
1948 293.019983 
1949 292.995666 
1950 292.971342 
1951 292.947010 
1952 292.922671 
1953 292.898324 
1954 292.873969 
1955 292.849607 
1956 292.825237 
1957 292.800860 
1958 292.776475 
1959 292.752082 
1960 292.727682 
1961 292.703274 
1962 292.678858 
1963 292.654435 
1964 292.630004 
1965 292.605565 
1966 292.581119 
1967 292.556665 
1968 292.532203 
1969 292.507734 
1970 292.483257 
1971 292.458772 
1972 292.434280 
1973 292.409779 
1974 292.385271 
1975 292.360756 
1976 292.336232 
1977 292.311701 
1978 292.287162 
1979 292.262615 
1980 292.238061 
1981 292.213498 
1982 292.188928 
1983 292.164350 
1984 292.139765 
1985 292.115171 
1986 292.090570 
1987 292.065961 
1988 292.041344 
1989 292.016719 
1990 291.992087 
1991 291.967446 
1992 291.942798 
1993 291.918142 
1994 291.893478 
1995 291.868806 
1996 291.844126 
1997 291.819439 
1998 291.794743 
1999 291.770040 
2000 291.745328 
2001 291.720609 
2002 291.695882 
2003 291.671147 
2004 291.646404 
2005 291.621653 
2006 291.596894 
2007 291.572127 
2008 291.547353 
2009 291.522570 
2010 291.497779 
2011 291.472980 
2012 291.448174 
2013 291.423359 
2014 291.398536 
2015 291.373706 
2016 291.348867 
2017 291.324020 
2018 291.299166 
2019 291.274303 
2020 291.249432 
2021 291.224553 
2022 291.199666 
2023 291.174772 
2024 291.149868 
2025 291.124957 
2026 291.100038 
2027 291.075111 
2028 291.050176 
2029 291.025232 
2030 291.000281 
2031 290.975321 
2032 290.950353 
2033 290.925377 
2034 290.900393 
2035 290.875401 
2036 290.850401 
2037 290.825392 
2038 290.800375 
2039 290.775350 
2040 290.750317 
2041 290.725276 
2042 290.700227 
2043 290.675169 
2044 290.650103 
2045 290.625029 
2046 290.599947 
2047 290.574857 
2048 290.549758 
2049 290.524651 
2050 290.499536 
2051 290.474412 
2052 290.449280 
2053 290.424140 
2054 290.398992 
2055 290.373836 
2056 290.348671 
2057 290.323498 
2058 290.298316 
2059 290.273126 
2060 290.247928 
2061 290.222722 
2062 290.197507 
2063 290.172284 
2064 290.147052 
2065 290.121813 
2066 290.096564 
2067 290.071308 
2068 290.046043 
2069 290.020769 
2070 289.995488 
2071 289.970198 
2072 289.944899 
2073 289.919592 
2074 289.894277 
2075 289.868953 
2076 289.843621 
2077 289.818280 
2078 289.792931 
2079 289.767573 
2080 289.742207 
2081 289.716832 
2082 289.691449 
2083 289.666058 
2084 289.640658 
2085 289.615249 
2086 289.589832 
2087 289.564406 
2088 289.538972 
2089 289.513530 
2090 289.488078 
2091 289.462619 
2092 289.437150 
2093 289.411673 
2094 289.386188 
2095 289.360694 
2096 289.335191 
2097 289.309680 
2098 289.284160 
2099 289.258632 
2100 289.233094 
2101 289.207549 
2102 289.181994 
2103 289.156431 
2104 289.130860 
2105 289.105279 
2106 289.079690 
2107 289.054093 
2108 289.028486 
2109 289.002871 
2110 288.977248 
2111 288.951615 
2112 288.925974 
2113 288.900324 
2114 288.874665 
2115 288.848998 
2116 288.823322 
2117 288.797637 
2118 288.771943 
2119 288.746241 
2120 288.720530 
2121 288.694810 
2122 288.669081 
2123 288.643344 
2124 288.617597 
2125 288.591842 
2126 288.566078 
2127 288.540305 
2128 288.514524 
2129 288.488733 
2130 288.462934 
2131 288.437125 
2132 288.411308 
2133 288.385482 
2134 288.359647 
2135 288.333804 
2136 288.307951 
2137 288.282089 
2138 288.256219 
2139 288.230339 
2140 288.204451 
2141 288.178553 
2142 288.152647 
2143 288.126732 
2144 288.100808 
2145 288.074874 
2146 288.048932 
2147 288.022981 
2148 287.997021 
2149 287.971051 
2150 287.945073 
2151 287.919086 
2152 287.893090 
2153 287.867084 
2154 287.841070 
2155 287.815046 
2156 287.789014 
2157 287.762972 
2158 287.736921 
2159 287.710862 
2160 287.684793 
2161 287.658715 
2162 287.632627 
2163 287.606531 
2164 287.580426 
2165 287.554311 
2166 287.528187 
2167 287.502055 
2168 287.475913 
2169 287.449761 
2170 287.423601 
2171 287.397431 
2172 287.371252 
2173 287.345064 
2174 287.318867 
2175 287.292661 
2176 287.266445 
2177 287.240220 
2178 287.213986 
2179 287.187742 
2180 287.161489 
2181 287.135227 
2182 287.108956 
2183 287.082675 
2184 287.056385 
2185 287.030086 
2186 287.003777 
2187 286.977459 
2188 286.951132 
2189 286.924795 
2190 286.898449 
2191 286.872094 
2192 286.845729 
2193 286.819355 
2194 286.792971 
2195 286.766578 
2196 286.740176 
2197 286.713764 
2198 286.687343 
2199 286.660912 
2200 286.634472 
2201 286.608023 
2202 286.581564 
2203 286.555095 
2204 286.528617 
2205 286.502130 
2206 286.475633 
2207 286.449126 
2208 286.422610 
2209 286.396084 
2210 286.369549 
2211 286.343005 
2212 286.316450 
2213 286.289887 
2214 286.263313 
2215 286.236730 
2216 286.210138 
2217 286.183536 
2218 286.156924 
2219 286.130303 
2220 286.103672 
2221 286.077031 
2222 286.050381 
2223 286.023721 
2224 285.997051 
2225 285.970372 
2226 285.943683 
2227 285.916984 
2228 285.890276 
2229 285.863557 
2230 285.836830 
2231 285.810092 
2232 285.783345 
2233 285.756588 
2234 285.729821 
2235 285.703044 
2236 285.676258 
2237 285.649462 
2238 285.622656 
2239 285.595840 
2240 285.569015 
2241 285.542179 
2242 285.515334 
2243 285.488479 
2244 285.461614 
2245 285.434739 
2246 285.407854 
2247 285.380960 
2248 285.354055 
2249 285.327141 
2250 285.300217 
2251 285.273282 
2252 285.246338 
2253 285.219384 
2254 285.192420 
2255 285.165446 
2256 285.138462 
2257 285.111468 
2258 285.084464 
2259 285.057451 
2260 285.030427 
2261 285.003393 
2262 284.976349 
2263 284.949295 
2264 284.922231 
2265 284.895157 
2266 284.868072 
2267 284.840978 
2268 284.813874 
2269 284.786759 
2270 284.759635 
2271 284.732500 
2272 284.705355 
2273 284.678200 
2274 284.651035 
2275 284.623860 
2276 284.596674 
2277 284.569479 
2278 284.542273 
2279 284.515057 
2280 284.487831 
2281 284.460595 
2282 284.433348 
2283 284.406091 
2284 284.378824 
2285 284.351547 
2286 284.324259 
2287 284.296961 
2288 284.269653 
2289 284.242334 
2290 284.215005 
2291 284.187666 
2292 284.160317 
2293 284.132957 
2294 284.105587 
2295 284.078206 
2296 284.050816 
2297 284.023414 
2298 283.996003 
2299 283.968581 
2300 283.941148 
2301 283.913705 
2302 283.886252 
2303 283.858788 
2304 283.831314 
2305 283.803829 
2306 283.776334 
2307 283.748828 
2308 283.721312 
2309 283.693786 
2310 283.666249 
2311 283.638701 
2312 283.611143 
2313 283.583574 
2314 283.555995 
2315 283.528405 
2316 283.500804 
2317 283.473193 
2318 283.445571 
2319 283.417939 
2320 283.390296 
2321 283.362643 
2322 283.334979 
2323 283.307304 
2324 283.279618 
2325 283.251922 
2326 283.224215 
2327 283.196498 
2328 283.168769 
2329 283.141030 
2330 283.113281 
2331 283.085520 
2332 283.057749 
2333 283.029967 
2334 283.002174 
2335 282.974371 
2336 282.946556 
2337 282.918731 
2338 282.890895 
2339 282.863049 
2340 282.835191 
2341 282.807322 
2342 282.779443 
2343 282.751553 
2344 282.723652 
2345 282.695740 
2346 282.667817 
2347 282.639883 
2348 282.611938 
2349 282.583983 
2350 282.556016 
2351 282.528038 
2352 282.500050 
2353 282.472050 
2354 282.444040 
2355 282.416018 
2356 282.387986 
2357 282.359942 
2358 282.331887 
2359 282.303822 
2360 282.275745 
2361 282.247657 
2362 282.219558 
2363 282.191448 
2364 282.163327 
2365 282.135195 
2366 282.107051 
2367 282.078897 
2368 282.050731 
2369 282.022554 
2370 281.994366 
2371 281.966167 
2372 281.937956 
2373 281.909735 
2374 281.881502 
2375 281.853258 
2376 281.825002 
2377 281.796736 
2378 281.768458 
2379 281.740168 
2380 281.711868 
2381 281.683556 
2382 281.655233 
2383 281.626898 
2384 281.598553 
2385 281.570196 
2386 281.541827 
2387 281.513447 
2388 281.485056 
2389 281.456653 
2390 281.428239 
2391 281.399813 
2392 281.371376 
2393 281.342928 
2394 281.314468 
2395 281.285997 
2396 281.257514 
2397 281.229019 
2398 281.200513 
2399 281.171996 
2400 281.143467 
2401 281.114927 
2402 281.086375 
2403 281.057811 
2404 281.029236 
2405 281.000649 
2406 280.972050 
2407 280.943440 
2408 280.914819 
2409 280.886185 
2410 280.857540 
2411 280.828884 
2412 280.800215 
2413 280.771535 
2414 280.742843 
2415 280.714140 
2416 280.685425 
2417 280.656698 
2418 280.627959 
2419 280.599208 
2420 280.570446 
2421 280.541672 
2422 280.512886 
2423 280.484088 
2424 280.455279 
2425 280.426458 
2426 280.397624 
2427 280.368779 
2428 280.339922 
2429 280.311053 
2430 280.282172 
2431 280.253279 
2432 280.224375 
2433 280.195458 
2434 280.166529 
2435 280.137589 
2436 280.108636 
2437 280.079672 
2438 280.050695 
2439 280.021706 
2440 279.992706 
2441 279.963693 
2442 279.934668 
2443 279.905631 
2444 279.876582 
2445 279.847521 
2446 279.818448 
2447 279.789363 
2448 279.760265 
2449 279.731155 
2450 279.702034 
2451 279.672900 
2452 279.643753 
2453 279.614595 
2454 279.585424 
2455 279.556241 
2456 279.527046 
2457 279.497839 
2458 279.468619 
2459 279.439387 
2460 279.410143 
2461 279.380886 
2462 279.351617 
2463 279.322336 
2464 279.293042 
2465 279.263736 
2466 279.234418 
2467 279.205087 
2468 279.175744 
2469 279.146388 
2470 279.117020 
2471 279.087639 
2472 279.058246 
2473 279.028841 
2474 278.999422 
2475 278.969992 
2476 278.940549 
2477 278.911093 
2478 278.881625 
2479 278.852144 
2480 278.822651 
2481 278.793145 
2482 278.763626 
2483 278.734095 
2484 278.704551 
2485 278.674995 
2486 278.645426 
2487 278.615844 
2488 278.586249 
2489 278.556642 
2490 278.527022 
2491 278.497390 
2492 278.467744 
2493 278.438086 
2494 278.408415 
2495 278.378731 
2496 278.349035 
2497 278.319325 
2498 278.289603 
2499 278.259868 
2500 278.230120 
2501 278.200359 
2502 278.170585 
2503 278.140798 
2504 278.110999 
2505 278.081186 
2506 278.051361 
2507 278.021522 
2508 277.991671 
2509 277.961806 
2510 277.931929 
2511 277.902038 
2512 277.872135 
2513 277.842218 
2514 277.812289 
2515 277.782346 
2516 277.752390 
2517 277.722421 
2518 277.692439 
2519 277.662444 
2520 277.632435 
2521 277.602414 
2522 277.572379 
2523 277.542331 
2524 277.512269 
2525 277.482195 
2526 277.452107 
2527 277.422006 
2528 277.391892 
2529 277.361764 
2530 277.331623 
2531 277.301469 
2532 277.271302 
2533 277.241121 
2534 277.210926 
2535 277.180719 
2536 277.150498 
2537 277.120263 
2538 277.090015 
2539 277.059754 
2540 277.029479 
2541 276.999190 
2542 276.968888 
2543 276.938573 
2544 276.908244 
2545 276.877902 
2546 276.847546 
2547 276.817176 
2548 276.786793 
2549 276.756396 
2550 276.725985 
2551 276.695561 
2552 276.665124 
2553 276.634672 
2554 276.604207 
2555 276.573728 
2556 276.543236 
2557 276.512729 
2558 276.482209 
2559 276.451675 
2560 276.421128 
2561 276.390566 
2562 276.359991 
2563 276.329402 
2564 276.298799 
2565 276.268182 
2566 276.237552 
2567 276.206907 
2568 276.176249 
2569 276.145576 
2570 276.114890 
2571 276.084189 
2572 276.053475 
2573 276.022747 
2574 275.992004 
2575 275.961248 
2576 275.930478 
2577 275.899693 
2578 275.868895 
2579 275.838082 
2580 275.807255 
2581 275.776414 
2582 275.745559 
2583 275.714690 
2584 275.683806 
2585 275.652909 
2586 275.621997 
2587 275.591071 
2588 275.560131 
2589 275.529176 
2590 275.498207 
2591 275.467224 
2592 275.436226 
2593 275.405214 
2594 275.374188 
2595 275.343148 
2596 275.312093 
2597 275.281023 
2598 275.249939 
2599 275.218841 
2600 275.187729 
2601 275.156601 
2602 275.125460 
2603 275.094303 
2604 275.063133 
2605 275.031947 
2606 275.000748 
2607 274.969533 
2608 274.938304 
2609 274.907061 
2610 274.875802 
2611 274.844529 
2612 274.813242 
2613 274.781940 
2614 274.750623 
2615 274.719291 
2616 274.687944 
2617 274.656583 
2618 274.625207 
2619 274.593816 
2620 274.562411 
2621 274.530990 
2622 274.499555 
2623 274.468105 
2624 274.436640 
2625 274.405160 
2626 274.373665 
2627 274.342155 
2628 274.310631 
2629 274.279091 
2630 274.247536 
2631 274.215966 
2632 274.184382 
2633 274.152782 
2634 274.121167 
2635 274.089537 
2636 274.057892 
2637 274.026231 
2638 273.994556 
2639 273.962866 
2640 273.931160 
2641 273.899439 
2642 273.867703 
2643 273.835951 
2644 273.804185 
2645 273.772403 
2646 273.740605 
2647 273.708793 
2648 273.676965 
2649 273.645122 
2650 273.613263 
2651 273.581389 
2652 273.549500 
2653 273.517595 
2654 273.485674 
2655 273.453739 
2656 273.421787 
2657 273.389821 
2658 273.357838 
2659 273.325840 
2660 273.293827 
2661 273.261798 
2662 273.229753 
2663 273.197693 
2664 273.165617 
2665 273.133526 
2666 273.101418 
2667 273.069295 
2668 273.037157 
2669 273.005002 
2670 272.972832 
2671 272.940646 
2672 272.908444 
2673 272.876227 
2674 272.843993 
2675 272.811744 
2676 272.779479 
2677 272.747198 
2678 272.714901 
2679 272.682588 
2680 272.650259 
2681 272.617914 
2682 272.585553 
2683 272.553176 
2684 272.520783 
2685 272.488374 
2686 272.455948 
2687 272.423507 
2688 272.391050 
2689 272.358576 
2690 272.326086 
2691 272.293580 
2692 272.261058 
2693 272.228520 
2694 272.195965 
2695 272.163394 
2696 272.130807 
2697 272.098203 
2698 272.065583 
2699 272.032947 
2700 272.000294 
2701 271.967625 
2702 271.934940 
2703 271.902238 
2704 271.869519 
2705 271.836785 
2706 271.804033 
2707 271.771265 
2708 271.738481 
2709 271.705680 
2710 271.672862 
2711 271.640028 
2712 271.607177 
2713 271.574309 
2714 271.541425 
2715 271.508524 
2716 271.475606 
2717 271.442671 
2718 271.409720 
2719 271.376752 
2720 271.343767 
2721 271.310766 
2722 271.277747 
2723 271.244712 
2724 271.211659 
2725 271.178590 
2726 271.145504 
2727 271.112400 
2728 271.079280 
2729 271.046143 
2730 271.012989 
2731 270.979817 
2732 270.946629 
2733 270.913423 
2734 270.880201 
2735 270.846961 
2736 270.813704 
2737 270.780430 
2738 270.747138 
2739 270.713830 
2740 270.680504 
2741 270.647160 
2742 270.613800 
2743 270.580422 
2744 270.547027 
2745 270.513614 
2746 270.480184 
2747 270.446736 
2748 270.413272 
2749 270.379789 
2750 270.346289 
2751 270.312772 
2752 270.279237 
2753 270.245684 
2754 270.212114 
2755 270.178526 
2756 270.144921 
2757 270.111298 
2758 270.077657 
2759 270.043998 
2760 270.010322 
2761 269.976628 
2762 269.942916 
2763 269.909187 
2764 269.875439 
2765 269.841674 
2766 269.807891 
2767 269.774089 
2768 269.740270 
2769 269.706433 
2770 269.672578 
2771 269.638705 
2772 269.604814 
2773 269.570905 
2774 269.536978 
2775 269.503033 
2776 269.469069 
2777 269.435088 
2778 269.401088 
2779 269.367070 
2780 269.333034 
2781 269.298979 
2782 269.264906 
2783 269.230815 
2784 269.196706 
2785 269.162578 
2786 269.128432 
2787 269.094267 
2788 269.060084 
2789 269.025883 
2790 268.991663 
2791 268.957424 
2792 268.923167 
2793 268.888892 
2794 268.854598 
2795 268.820285 
2796 268.785953 
2797 268.751603 
2798 268.717235 
2799 268.682847 
2800 268.648441 
2801 268.614016 
2802 268.579572 
2803 268.545109 
2804 268.510628 
2805 268.476127 
2806 268.441608 
2807 268.407070 
2808 268.372513 
2809 268.337936 
2810 268.303341 
2811 268.268727 
2812 268.234094 
2813 268.199441 
2814 268.164770 
2815 268.130079 
2816 268.095369 
2817 268.060640 
2818 268.025892 
2819 267.991125 
2820 267.956338 
2821 267.921532 
2822 267.886706 
2823 267.851861 
2824 267.816997 
2825 267.782113 
2826 267.747210 
2827 267.712288 
2828 267.677346 
2829 267.642384 
2830 267.607403 
2831 267.572402 
2832 267.537382 
2833 267.502342 
2834 267.467282 
2835 267.432202 
2836 267.397103 
2837 267.361984 
2838 267.326846 
2839 267.291687 
2840 267.256509 
2841 267.221310 
2842 267.186092 
2843 267.150854 
2844 267.115596 
2845 267.080318 
2846 267.045020 
2847 267.009702 
2848 266.974364 
2849 266.939005 
2850 266.903627 
2851 266.868228 
2852 266.832810 
2853 266.797371 
2854 266.761911 
2855 266.726432 
2856 266.690932 
2857 266.655412 
2858 266.619871 
2859 266.584310 
2860 266.548729 
2861 266.513127 
2862 266.477504 
2863 266.441861 
2864 266.406198 
2865 266.370514 
2866 266.334809 
2867 266.299084 
2868 266.263338 
2869 266.227571 
2870 266.191783 
2871 266.155975 
2872 266.120146 
2873 266.084296 
2874 266.048425 
2875 266.012534 
2876 265.976621 
2877 265.940688 
2878 265.904733 
2879 265.868758 
2880 265.832761 
2881 265.796743 
2882 265.760705 
2883 265.724645 
2884 265.688564 
2885 265.652461 
2886 265.616338 
2887 265.580193 
2888 265.544027 
2889 265.507839 
2890 265.471630 
2891 265.435400 
2892 265.399149 
2893 265.362875 
2894 265.326581 
2895 265.290265 
2896 265.253927 
2897 265.217567 
2898 265.181186 
2899 265.144784 
2900 265.108359 
2901 265.071913 
2902 265.035445 
2903 264.998956 
2904 264.962444 
2905 264.925911 
2906 264.889356 
2907 264.852779 
2908 264.816179 
2909 264.779558 
2910 264.742915 
2911 264.706250 
2912 264.669563 
2913 264.632853 
2914 264.596121 
2915 264.559368 
2916 264.522592 
2917 264.485793 
2918 264.448973 
2919 264.412130 
2920 264.375264 
2921 264.338376 
2922 264.301466 
2923 264.264533 
2924 264.227578 
2925 264.190600 
2926 264.153600 
2927 264.116577 
2928 264.079531 
2929 264.042463 
2930 264.005372 
2931 263.968258 
2932 263.931122 
2933 263.893962 
2934 263.856780 
2935 263.819575 
2936 263.782346 
2937 263.745095 
2938 263.707821 
2939 263.670524 
2940 263.633204 
2941 263.595860 
2942 263.558494 
2943 263.521104 
2944 263.483691 
2945 263.446254 
2946 263.408795 
2947 263.371312 
2948 263.333805 
2949 263.296276 
2950 263.258723 
2951 263.221146 
2952 263.183546 
2953 263.145922 
2954 263.108274 
2955 263.070603 
2956 263.032908 
2957 262.995190 
2958 262.957448 
2959 262.919682 
2960 262.881892 
2961 262.844078 
2962 262.806240 
2963 262.768379 
2964 262.730493 
2965 262.692584 
2966 262.654650 
2967 262.616692 
2968 262.578710 
2969 262.540704 
2970 262.502674 
2971 262.464619 
2972 262.426540 
2973 262.388437 
2974 262.350309 
2975 262.312157 
2976 262.273981 
2977 262.235780 
2978 262.197554 
2979 262.159304 
2980 262.121029 
2981 262.082729 
2982 262.044405 
2983 262.006056 
2984 261.967683 
2985 261.929284 
2986 261.890861 
2987 261.852412 
2988 261.813939 
2989 261.775441 
2990 261.736918 
2991 261.698369 
2992 261.659796 
2993 261.621197 
2994 261.582573 
2995 261.543924 
2996 261.505250 
2997 261.466550 
2998 261.427825 
2999 261.389075 
3000 261.350299 
3001 261.311497 
3002 261.272671 
3003 261.233818 
3004 261.194940 
3005 261.156036 
3006 261.117106 
3007 261.078151 
3008 261.039170 
3009 261.000163 
3010 260.961130 
3011 260.922072 
3012 260.882987 
3013 260.843876 
3014 260.804739 
3015 260.765577 
3016 260.726388 
3017 260.687172 
3018 260.647931 
3019 260.608663 
3020 260.569369 
3021 260.530049 
3022 260.490702 
3023 260.451328 
3024 260.411929 
3025 260.372502 
3026 260.333049 
3027 260.293570 
3028 260.254063 
3029 260.214530 
3030 260.174970 
3031 260.135384 
3032 260.095770 
3033 260.056130 
3034 260.016462 
3035 259.976768 
3036 259.937046 
3037 259.897298 
3038 259.857522 
3039 259.817719 
3040 259.777889 
3041 259.738031 
3042 259.698146 
3043 259.658234 
3044 259.618294 
3045 259.578327 
3046 259.538332 
3047 259.498310 
3048 259.458260 
3049 259.418182 
3050 259.378077 
3051 259.337944 
3052 259.297783 
3053 259.257594 
3054 259.217377 
3055 259.177133 
3056 259.136860 
3057 259.096559 
3058 259.056230 
3059 259.015873 
3060 258.975488 
3061 258.935074 
3062 258.894632 
3063 258.854162 
3064 258.813663 
3065 258.773136 
3066 258.732580 
3067 258.691996 
3068 258.651383 
3069 258.610741 
3070 258.570071 
3071 258.529371 
3072 258.488643 
3073 258.447886 
3074 258.407101 
3075 258.366286 
3076 258.325442 
3077 258.284569 
3078 258.243667 
3079 258.202736 
3080 258.161775 
3081 258.120785 
3082 258.079766 
3083 258.038717 
3084 257.997639 
3085 257.956531 
3086 257.915394 
3087 257.874227 
3088 257.833031 
3089 257.791805 
3090 257.750549 
3091 257.709263 
3092 257.667947 
3093 257.626601 
3094 257.585225 
3095 257.543819 
3096 257.502383 
3097 257.460917 
3098 257.419421 
3099 257.377894 
3100 257.336337 
3101 257.294750 
3102 257.253132 
3103 257.211484 
3104 257.169805 
3105 257.128095 
3106 257.086355 
3107 257.044584 
3108 257.002782 
3109 256.960949 
3110 256.919086 
3111 256.877191 
3112 256.835265 
3113 256.793309 
3114 256.751321 
3115 256.709302 
3116 256.667252 
3117 256.625170 
3118 256.583057 
3119 256.540912 
3120 256.498736 
3121 256.456529 
3122 256.414290 
3123 256.372019 
3124 256.329716 
3125 256.287382 
3126 256.245016 
3127 256.202618 
3128 256.160187 
3129 256.117725 
3130 256.075231 
3131 256.032705 
3132 255.990146 
3133 255.947555 
3134 255.904931 
3135 255.862276 
3136 255.819587 
3137 255.776867 
3138 255.734113 
3139 255.691327 
3140 255.648509 
3141 255.605657 
3142 255.562773 
3143 255.519855 
3144 255.476905 
3145 255.433921 
3146 255.390905 
3147 255.347855 
3148 255.304772 
3149 255.261656 
3150 255.218507 
3151 255.175324 
3152 255.132107 
3153 255.088857 
3154 255.045573 
3155 255.002256 
3156 254.958904 
3157 254.915519 
3158 254.872100 
3159 254.828648 
3160 254.785161 
3161 254.741640 
3162 254.698084 
3163 254.654495 
3164 254.610871 
3165 254.567213 
3166 254.523520 
3167 254.479793 
3168 254.436032 
3169 254.392235 
3170 254.348404 
3171 254.304539 
3172 254.260638 
3173 254.216702 
3174 254.172732 
3175 254.128726 
3176 254.084685 
3177 254.040609 
3178 253.996498 
3179 253.952351 
3180 253.908169 
3181 253.863952 
3182 253.819698 
3183 253.775410 
3184 253.731085 
3185 253.686725 
3186 253.642329 
3187 253.597897 
3188 253.553429 
3189 253.508925 
3190 253.464384 
3191 253.419808 
3192 253.375195 
3193 253.330546 
3194 253.285860 
3195 253.241138 
3196 253.196379 
3197 253.151584 
3198 253.106751 
3199 253.061882 
3200 253.016977 
3201 252.972034 
3202 252.927054 
3203 252.882037 
3204 252.836982 
3205 252.791891 
3206 252.746762 
3207 252.701595 
3208 252.656391 
3209 252.611150 
3210 252.565871 
3211 252.520554 
3212 252.475199 
3213 252.429806 
3214 252.384375 
3215 252.338907 
3216 252.293400 
3217 252.247855 
3218 252.202271 
3219 252.156649 
3220 252.110989 
3221 252.065290 
3222 252.019552 
3223 251.973776 
3224 251.927961 
3225 251.882107 
3226 251.836214 
3227 251.790282 
3228 251.744310 
3229 251.698300 
3230 251.652250 
3231 251.606161 
3232 251.560032 
3233 251.513864 
3234 251.467656 
3235 251.421409 
3236 251.375121 
3237 251.328794 
3238 251.282426 
3239 251.236019 
3240 251.189571 
3241 251.143084 
3242 251.096555 
3243 251.049987 
3244 251.003378 
3245 250.956728 
3246 250.910037 
3247 250.863306 
3248 250.816534 
3249 250.769721 
3250 250.722867 
3251 250.675971 
3252 250.629035 
3253 250.582057 
3254 250.535037 
3255 250.487977 
3256 250.440874 
3257 250.393730 
3258 250.346544 
3259 250.299316 
3260 250.252046 
3261 250.204734 
3262 250.157380 
3263 250.109984 
3264 250.062545 
3265 250.015064 
3266 249.967541 
3267 249.919974 
3268 249.872365 
3269 249.824713 
3270 249.777018 
3271 249.729281 
3272 249.681500 
3273 249.633675 
3274 249.585808 
3275 249.537897 
3276 249.489942 
3277 249.441944 
3278 249.393902 
3279 249.345817 
3280 249.297687 
3281 249.249514 
3282 249.201296 
3283 249.153034 
3284 249.104728 
3285 249.056377 
3286 249.007982 
3287 248.959542 
3288 248.911057 
3289 248.862528 
3290 248.813954 
3291 248.765334 
3292 248.716670 
3293 248.667960 
3294 248.619205 
3295 248.570404 
3296 248.521558 
3297 248.472666 
3298 248.423728 
3299 248.374744 
3300 248.325715 
3301 248.276639 
3302 248.227517 
3303 248.178349 
3304 248.129134 
3305 248.079873 
3306 248.030565 
3307 247.981210 
3308 247.931808 
3309 247.882360 
3310 247.832864 
3311 247.783321 
3312 247.733731 
3313 247.684093 
3314 247.634408 
3315 247.584675 
3316 247.534894 
3317 247.485066 
3318 247.435189 
3319 247.385264 
3320 247.335291 
3321 247.285270 
3322 247.235200 
3323 247.185082 
3324 247.134914 
3325 247.084698 
3326 247.034433 
3327 246.984119 
3328 246.933756 
3329 246.883343 
3330 246.832881 
3331 246.782370 
3332 246.731808 
3333 246.681197 
3334 246.630536 
3335 246.579825 
3336 246.529064 
3337 246.478253 
3338 246.427391 
3339 246.376478 
3340 246.325515 
3341 246.274501 
3342 246.223436 
3343 246.172320 
3344 246.121153 
3345 246.069935 
3346 246.018665 
3347 245.967343 
3348 245.915970 
3349 245.864545 
3350 245.813068 
3351 245.761539 
3352 245.709958 
3353 245.658324 
3354 245.606638 
3355 245.554900 
3356 245.503108 
3357 245.451264 
3358 245.399366 
3359 245.347416 
3360 245.295412 
3361 245.243355 
3362 245.191244 
3363 245.139080 
3364 245.086861 
3365 245.034589 
3366 244.982262 
3367 244.929882 
3368 244.877447 
3369 244.824957 
3370 244.772413 
3371 244.719813 
3372 244.667159 
3373 244.614450 
3374 244.561685 
3375 244.508866 
3376 244.455990 
3377 244.403059 
3378 244.350072 
3379 244.297029 
3380 244.243930 
3381 244.190775 
3382 244.137563 
3383 244.084294 
3384 244.030969 
3385 243.977587 
3386 243.924148 
3387 243.870652 
3388 243.817098 
3389 243.763487 
3390 243.709819 
3391 243.656092 
3392 243.602308 
3393 243.548465 
3394 243.494564 
3395 243.440605 
3396 243.386587 
3397 243.332511 
3398 243.278375 
3399 243.224181 
3400 243.169927 
3401 243.115614 
3402 243.061241 
3403 243.006809 
3404 242.952317 
3405 242.897765 
3406 242.843152 
3407 242.788479 
3408 242.733746 
3409 242.678952 
3410 242.624097 
3411 242.569181 
3412 242.514204 
3413 242.459166 
3414 242.404066 
3415 242.348904 
3416 242.293681 
3417 242.238395 
3418 242.183047 
3419 242.127637 
3420 242.072164 
3421 242.016628 
3422 241.961030 
3423 241.905368 
3424 241.849643 
3425 241.793855 
3426 241.738003 
3427 241.682087 
3428 241.626107 
3429 241.570063 
3430 241.513955 
3431 241.457782 
3432 241.401544 
3433 241.345241 
3434 241.288873 
3435 241.232440 
3436 241.175942 
3437 241.119378 
3438 241.062748 
3439 241.006051 
3440 240.949289 
3441 240.892460 
3442 240.835565 
3443 240.778602 
3444 240.721573 
3445 240.664477 
3446 240.607313 
3447 240.550081 
3448 240.492782 
3449 240.435414 
3450 240.377979 
3451 240.320475 
3452 240.262902 
3453 240.205261 
3454 240.147550 
3455 240.089771 
3456 240.031922 
3457 239.974003 
3458 239.916014 
3459 239.857956 
3460 239.799827 
3461 239.741627 
3462 239.683357 
3463 239.625016 
3464 239.566604 
3465 239.508121 
3466 239.449566 
3467 239.390939 
3468 239.332240 
3469 239.273469 
3470 239.214626 
3471 239.155710 
3472 239.096721 
3473 239.037659 
3474 238.978524 
3475 238.919315 
3476 238.860033 
3477 238.800676 
3478 238.741245 
3479 238.681740 
3480 238.622160 
3481 238.562505 
3482 238.502775 
3483 238.442970 
3484 238.383089 
3485 238.323132 
3486 238.263099 
3487 238.202990 
3488 238.142804 
3489 238.082541 
3490 238.022202 
3491 237.961785 
3492 237.901290 
3493 237.840718 
3494 237.780067 
3495 237.719339 
3496 237.658531 
3497 237.597645 
3498 237.536680 
3499 237.475636 
3500 237.414512 
3501 237.353308 
3502 237.292024 
3503 237.230660 
3504 237.169216 
3505 237.107690 
3506 237.046083 
3507 236.984395 
3508 236.922626 
3509 236.860774 
3510 236.798840 
3511 236.736824 
3512 236.674725 
3513 236.612543 
3514 236.550278 
3515 236.487929 
3516 236.425497 
3517 236.362980 
3518 236.300379 
3519 236.237693 
3520 236.174923 
3521 236.112067 
3522 236.049125 
3523 235.986098 
3524 235.922985 
3525 235.859785 
3526 235.796499 
3527 235.733126 
3528 235.669665 
3529 235.606117 
3530 235.542481 
3531 235.478757 
3532 235.414945 
3533 235.351043 
3534 235.287053 
3535 235.222973 
3536 235.158804 
3537 235.094544 
3538 235.030195 
3539 234.965754 
3540 234.901223 
3541 234.836601 
3542 234.771887 
3543 234.707081 
3544 234.642183 
3545 234.577192 
3546 234.512109 
3547 234.446932 
3548 234.381662 
3549 234.316298 
3550 234.250840 
3551 234.185287 
3552 234.119640 
3553 234.053897 
3554 233.988059 
3555 233.922125 
3556 233.856094 
3557 233.789967 
3558 233.723744 
3559 233.657423 
3560 233.591004 
3561 233.524488 
3562 233.457873 
3563 233.391159 
3564 233.324347 
3565 233.257435 
3566 233.190423 
3567 233.123312 
3568 233.056099 
3569 232.988786 
3570 232.921372 
3571 232.853856 
3572 232.786238 
3573 232.718518 
3574 232.650695 
3575 232.582769 
3576 232.514739 
3577 232.446606 
3578 232.378368 
3579 232.310025 
3580 232.241578 
3581 232.173025 
3582 232.104366 
3583 232.035600 
3584 231.966729 
3585 231.897750 
3586 231.828663 
3587 231.759469 
3588 231.690166 
3589 231.620755 
3590 231.551234 
3591 231.481604 
3592 231.411864 
3593 231.342013 
3594 231.272052 
3595 231.201979 
3596 231.131795 
3597 231.061498 
3598 230.991089 
3599 230.920566 
3600 230.849931 
3601 230.779181 
3602 230.708317 
3603 230.637338 
3604 230.566244 
3605 230.495034 
3606 230.423707 
3607 230.352265 
3608 230.280704 
3609 230.209027 
3610 230.137231 
3611 230.065317 
3612 229.993283 
3613 229.921130 
3614 229.848857 
3615 229.776464 
3616 229.703949 
3617 229.631313 
3618 229.558555 
3619 229.485674 
3620 229.412671 
3621 229.339544 
3622 229.266292 
3623 229.192917 
3624 229.119416 
3625 229.045789 
3626 228.972037 
3627 228.898158 
3628 228.824151 
3629 228.750017 
3630 228.675755 
3631 228.601364 
3632 228.526843 
3633 228.452193 
3634 228.377412 
3635 228.302500 
3636 228.227457 
3637 228.152281 
3638 228.076973 
3639 228.001532 
3640 227.925956 
3641 227.850246 
3642 227.774402 
3643 227.698421 
3644 227.622304 
3645 227.546051 
3646 227.469660 
3647 227.393131 
3648 227.316463 
3649 227.239657 
3650 227.162710 
3651 227.085623 
3652 227.008395 
3653 226.931025 
3654 226.853512 
3655 226.775857 
3656 226.698058 
3657 226.620115 
3658 226.542027 
3659 226.463793 
3660 226.385413 
3661 226.306886 
3662 226.228211 
3663 226.149388 
3664 226.070416 
3665 225.991294 
3666 225.912022 
3667 225.832599 
3668 225.753024 
3669 225.673297 
3670 225.593416 
3671 225.513382 
3672 225.433193 
3673 225.352849 
3674 225.272348 
3675 225.191691 
3676 225.110876 
3677 225.029903 
3678 224.948770 
3679 224.867478 
3680 224.786026 
3681 224.704411 
3682 224.622635 
3683 224.540696 
3684 224.458593 
3685 224.376325 
3686 224.293893 
3687 224.211294 
3688 224.128528 
3689 224.045594 
3690 223.962491 
3691 223.879220 
3692 223.795778 
3693 223.712164 
3694 223.628379 
3695 223.544421 
3696 223.460289 
3697 223.375983 
3698 223.291501 
3699 223.206842 
3700 223.122007 
3701 223.036993 
3702 222.951800 
3703 222.866427 
3704 222.780873 
3705 222.695138 
3706 222.609219 
3707 222.523117 
3708 222.436830 
3709 222.350358 
3710 222.263699 
3711 222.176852 
3712 222.089816 
3713 222.002591 
3714 221.915176 
3715 221.827568 
3716 221.739769 
3717 221.651775 
3718 221.563587 
3719 221.475203 
3720 221.386622 
3721 221.297843 
3722 221.208866 
3723 221.119688 
3724 221.030309 
3725 220.940728 
3726 220.850944 
3727 220.760955 
3728 220.670760 
3729 220.580359 
3730 220.489750 
3731 220.398932 
3732 220.307904 
3733 220.216664 
3734 220.125212 
3735 220.033546 
3736 219.941665 
3737 219.849568 
3738 219.757254 
3739 219.664720 
3740 219.571967 
3741 219.478993 
3742 219.385796 
3743 219.292375 
3744 219.198729 
3745 219.104857 
3746 219.010757 
3747 218.916428 
3748 218.821868 
3749 218.727077 
3750 218.632053 
3751 218.536794 
3752 218.441299 
3753 218.345567 
3754 218.249596 
3755 218.153384 
3756 218.056932 
3757 217.960235 
3758 217.863295 
3759 217.766108 
3760 217.668673 
3761 217.570990 
3762 217.473055 
3763 217.374869 
3764 217.276428 
3765 217.177732 
3766 217.078779 
3767 216.979567 
3768 216.880095 
3769 216.780361 
3770 216.680364 
3771 216.580101 
3772 216.479571 
3773 216.378773 
3774 216.277704 
3775 216.176363 
3776 216.074748 
3777 215.972857 
3778 215.870688 
3779 215.768241 
3780 215.665512 
3781 215.562499 
3782 215.459202 
3783 215.355618 
3784 215.251745 
3785 215.147582 
3786 215.043125 
3787 214.938374 
3788 214.833327 
3789 214.727980 
3790 214.622333 
3791 214.516383 
3792 214.410128 
3793 214.303566 
3794 214.196694 
3795 214.089512 
3796 213.982015 
3797 213.874203 
3798 213.766073 
3799 213.657623 
3800 213.548850 
3801 213.439753 
3802 213.330328 
3803 213.220573 
3804 213.110487 
3805 213.000066 
3806 212.889309 
3807 212.778212 
3808 212.666773 
3809 212.554990 
3810 212.442861 
3811 212.330381 
3812 212.217550 
3813 212.104364 
3814 211.990820 
3815 211.876917 
3816 211.762650 
3817 211.648018 
3818 211.533017 
3819 211.417645 
3820 211.301899 
3821 211.185776 
3822 211.069272 
3823 210.952386 
3824 210.835113 
3825 210.717452 
3826 210.599398 
3827 210.480948 
3828 210.362100 
3829 210.242850 
3830 210.123196 
3831 210.003132 
3832 209.882657 
3833 209.761767 
3834 209.640459 
3835 209.518728 
3836 209.396572 
3837 209.273987 
3838 209.150969 
3839 209.027515 
3840 208.903620 
3841 208.779282 
3842 208.654496 
3843 208.529259 
3844 208.403566 
3845 208.277413 
3846 208.150798 
3847 208.023714 
3848 207.896159 
3849 207.768129 
3850 207.639618 
3851 207.510622 
3852 207.381138 
3853 207.251161 
3854 207.120686 
3855 206.989708 
3856 206.858224 
3857 206.726228 
3858 206.593716 
3859 206.460682 
3860 206.327123 
3861 206.193032 
3862 206.058405 
3863 205.923237 
3864 205.787523 
3865 205.651256 
3866 205.514433 
3867 205.377047 
3868 205.239093 
3869 205.100565 
3870 204.961458 
3871 204.821765 
3872 204.681482 
3873 204.540601 
3874 204.399117 
3875 204.257024 
3876 204.114316 
3877 203.970986 
3878 203.827027 
3879 203.682433 
3880 203.537198 
3881 203.391314 
3882 203.244775 
3883 203.097573 
3884 202.949702 
3885 202.801154 
3886 202.651922 
3887 202.501999 
3888 202.351376 
3889 202.200046 
3890 202.048001 
3891 201.895233 
3892 201.741733 
3893 201.587494 
3894 201.432507 
3895 201.276764 
3896 201.120255 
3897 200.962971 
3898 200.804904 
3899 200.646044 
3900 200.486381 
3901 200.325907 
3902 200.164610 
3903 200.002482 
3904 199.839512 
3905 199.675690 
3906 199.511004 
3907 199.345445 
3908 199.179000 
3909 199.011660 
3910 198.843412 
3911 198.674245 
3912 198.504146 
3913 198.333104 
3914 198.161106 
3915 197.988140 
3916 197.814193 
3917 197.639250 
3918 197.463300 
3919 197.286327 
3920 197.108318 
3921 196.929259 
3922 196.749135 
3923 196.567930 
3924 196.385630 
3925 196.202219 
3926 196.017680 
3927 195.831997 
3928 195.645154 
3929 195.457133 
3930 195.267916 
3931 195.077487 
3932 194.885825 
3933 194.692912 
3934 194.498730 
3935 194.303257 
3936 194.106475 
3937 193.908361 
3938 193.708895 
3939 193.508055 
3940 193.305819 
3941 193.102163 
3942 192.897064 
3943 192.690497 
3944 192.482438 
3945 192.272862 
3946 192.061742 
3947 191.849051 
3948 191.634762 
3949 191.418846 
3950 191.201274 
3951 190.982017 
3952 190.761042 
3953 190.538319 
3954 190.313814 
3955 190.087495 
3956 189.859326 
3957 189.629272 
3958 189.397296 
3959 189.163359 
3960 188.927424 
3961 188.689449 
3962 188.449394 
3963 188.207214 
3964 187.962866 
3965 187.716304 
3966 187.467481 
3967 187.216347 
3968 186.962852 
3969 186.706945 
3970 186.448569 
3971 186.187671 
3972 185.924190 
3973 185.658068 
3974 185.389242 
3975 185.117647 
3976 184.843216 
3977 184.565879 
3978 184.285563 
3979 184.002194 
3980 183.715692 
3981 183.425977 
3982 183.132964 
3983 182.836563 
3984 182.536684 
3985 182.233229 
3986 181.926099 
3987 181.615189 
3988 181.300389 
3989 180.981584 
3990 180.658656 
3991 180.331478 
3992 179.999918 
3993 179.663839 
3994 179.323096 
3995 178.977537 
3996 178.627001 
3997 178.271319 
3998 177.910315 
3999 177.543800 
4000 177.171578 
4001 176.793438 
4002 176.409159 
4003 176.018508 
4004 175.621235 
4005 175.217076 
4006 174.805750 
4007 174.386960 
4008 173.960384 
4009 173.525684 
4010 173.082495 
4011 172.630426 
4012 172.169058 
4013 171.697941 
4014 171.216590 
4015 170.724481 
4016 170.221046 
4017 169.705671 
4018 169.177689 
4019 168.636371 
4020 168.080922 
4021 167.510470 
4022 166.924057 
4023 166.320628 
4024 165.699013 
4025 165.057913 
4026 164.395881 
4027 163.711293 
4028 163.002324 
4029 162.266906 
4030 161.502688 
4031 160.706978 
4032 159.876671 
4033 159.008161 
4034 158.097224 
4035 157.138865 
4036 156.127113 
4037 155.054749 
4038 153.912915 
4039 152.690575 
4040 151.373718 
4041 149.944154 
4042 148.377634 
4043 146.640743 
4044 144.685487 
4045 142.439098 
4046 139.782799 
4047 136.500844 
4048 132.128212 
4049 125.267630 
4050 69.997602 
