0 330.966134 
1 330.946875 
2 330.927613 
3 330.908348 
4 330.889081 
5 330.869811 
6 330.850539 
7 330.831264 
8 330.811986 
9 330.792706 
10 330.773423 
11 330.754138 
12 330.734850 
13 330.715559 
14 330.696266 
15 330.676970 
16 330.657672 
17 330.638371 
18 330.619067 
19 330.599761 
20 330.580452 
21 330.561141 
22 330.541827 
23 330.522510 
24 330.503191 
25 330.483869 
26 330.464544 
27 330.445217 
28 330.425888 
29 330.406555 
30 330.387220 
31 330.367883 
32 330.348543 
33 330.329200 
34 330.309854 
35 330.290506 
36 330.271155 
37 330.251802 
38 330.232446 
39 330.213088 
40 330.193726 
41 330.174362 
42 330.154996 
43 330.135627 
44 330.116255 
45 330.096881 
46 330.077504 
47 330.058124 
48 330.038742 
49 330.019357 
50 329.999969 
51 329.980579 
52 329.961186 
53 329.941791 
54 329.922392 
55 329.902992 
56 329.883588 
57 329.864182 
58 329.844773 
59 329.825362 
60 329.805948 
61 329.786531 
62 329.767112 
63 329.747690 
64 329.728265 
65 329.708838 
66 329.689408 
67 329.669975 
68 329.650539 
69 329.631101 
70 329.611661 
71 329.592217 
72 329.572771 
73 329.553323 
74 329.533871 
75 329.514417 
76 329.494961 
77 329.475501 
78 329.456039 
79 329.436575 
80 329.417107 
81 329.397637 
82 329.378165 
83 329.358689 
84 329.339211 
85 329.319730 
86 329.300247 
87 329.280761 
88 329.261272 
89 329.241780 
90 329.222286 
91 329.202789 
92 329.183290 
93 329.163787 
94 329.144282 
95 329.124775 
96 329.105264 
97 329.085751 
98 329.066236 
99 329.046717 
100 329.027196 
101 329.007672 
102 328.988146 
103 328.968616 
104 328.949084 
105 328.929550 
106 328.910012 
107 328.890472 
108 328.870930 
109 328.851384 
110 328.831836 
111 328.812285 
112 328.792731 
113 328.773175 
114 328.753616 
115 328.734054 
116 328.714490 
117 328.694922 
118 328.675352 
119 328.655780 
120 328.636204 
121 328.616626 
122 328.597046 
123 328.577462 
124 328.557876 
125 328.538287 
126 328.518695 
127 328.499100 
128 328.479503 
129 328.459903 
130 328.440301 
131 328.420695 
132 328.401087 
133 328.381476 
134 328.361863 
135 328.342246 
136 328.322627 
137 328.303005 
138 328.283381 
139 328.263753 
140 328.244123 
141 328.224490 
142 328.204855 
143 328.185217 
144 328.165575 
145 328.145932 
146 328.126285 
147 328.106636 
148 328.086984 
149 328.067329 
150 328.047671 
151 328.028011 
152 328.008348 
153 327.988682 
154 327.969013 
155 327.949342 
156 327.929667 
157 327.909990 
158 327.890311 
159 327.870628 
160 327.850943 
161 327.831255 
162 327.811564 
163 327.791871 
164 327.772174 
165 327.752475 
166 327.732773 
167 327.713068 
168 327.693361 
169 327.673651 
170 327.653938 
171 327.634222 
172 327.614503 
173 327.594782 
174 327.575058 
175 327.555331 
176 327.535601 
177 327.515868 
178 327.496133 
179 327.476395 
180 327.456654 
181 327.436910 
182 327.417164 
183 327.397414 
184 327.377662 
185 327.357907 
186 327.338149 
187 327.318389 
188 327.298626 
189 327.278859 
190 327.259090 
191 327.239319 
192 327.219544 
193 327.199767 
194 327.179986 
195 327.160203 
196 327.140418 
197 327.120629 
198 327.100838 
199 327.081043 
200 327.061246 
201 327.041446 
202 327.021643 
203 327.001838 
204 326.982029 
205 326.962218 
206 326.942404 
207 326.922587 
208 326.902768 
209 326.882945 
210 326.863120 
211 326.843291 
212 326.823460 
213 326.803627 
214 326.783790 
215 326.763950 
216 326.744108 
217 326.724263 
218 326.704415 
219 326.684564 
220 326.664710 
221 326.644853 
222 326.624994 
223 326.605131 
224 326.585266 
225 326.565398 
226 326.545527 
227 326.525654 
228 326.505777 
229 326.485898 
230 326.466015 
231 326.446130 
232 326.426242 
233 326.406351 
234 326.386458 
235 326.366561 
236 326.346661 
237 326.326759 
238 326.306854 
239 326.286946 
240 326.267035 
241 326.247121 
242 326.227204 
243 326.207285 
244 326.187362 
245 326.167437 
246 326.147509 
247 326.127578 
248 326.107644 
249 326.087707 
250 326.067767 
251 326.047825 
252 326.027879 
253 326.007931 
254 325.987979 
255 325.968025 
256 325.948068 
257 325.928108 
258 325.908145 
259 325.888180 
260 325.868211 
261 325.848240 
262 325.828265 
263 325.808288 
264 325.788308 
265 325.768324 
266 325.748338 
267 325.728349 
268 325.708358 
269 325.688363 
270 325.668365 
271 325.648364 
272 325.628361 
273 325.608355 
274 325.588345 
275 325.568333 
276 325.548318 
277 325.528300 
278 325.508279 
279 325.488255 
280 325.468228 
281 325.448198 
282 325.428166 
283 325.408130 
284 325.388091 
285 325.368050 
286 325.348005 
287 325.327958 
288 325.307908 
289 325.287855 
290 325.267798 
291 325.247739 
292 325.227677 
293 325.207612 
294 325.187544 
295 325.167474 
296 325.147400 
297 325.127323 
298 325.107243 
299 325.087161 
300 325.067075 
301 325.046987 
302 325.026895 
303 325.006801 
304 324.986703 
305 324.966603 
306 324.946500 
307 324.926393 
308 324.906284 
309 324.886172 
310 324.866057 
311 324.845939 
312 324.825818 
313 324.805693 
314 324.785566 
315 324.765436 
316 324.745303 
317 324.725168 
318 324.705029 
319 324.684887 
320 324.664742 
321 324.644594 
322 324.624443 
323 324.604289 
324 324.584133 
325 324.563973 
326 324.543810 
327 324.523644 
328 324.503476 
329 324.483304 
330 324.463129 
331 324.442951 
332 324.422771 
333 324.402587 
334 324.382400 
335 324.362211 
336 324.342018 
337 324.321822 
338 324.301624 
339 324.281422 
340 324.261217 
341 324.241010 
342 324.220799 
343 324.200585 
344 324.180368 
345 324.160149 
346 324.139926 
347 324.119700 
348 324.099471 
349 324.079240 
350 324.059005 
351 324.038767 
352 324.018526 
353 323.998282 
354 323.978035 
355 323.957785 
356 323.937532 
357 323.917277 
358 323.897017 
359 323.876755 
360 323.856490 
361 323.836222 
362 323.815951 
363 323.795677 
364 323.775400 
365 323.755120 
366 323.734836 
367 323.714550 
368 323.694261 
369 323.673968 
370 323.653673 
371 323.633374 
372 323.613073 
373 323.592768 
374 323.572460 
375 323.552150 
376 323.531836 
377 323.511519 
378 323.491199 
379 323.470876 
380 323.450550 
381 323.430221 
382 323.409889 
383 323.389554 
384 323.369215 
385 323.348874 
386 323.328530 
387 323.308182 
388 323.287832 
389 323.267478 
390 323.247121 
391 323.226762 
392 323.206399 
393 323.186033 
394 323.165664 
395 323.145292 
396 323.124917 
397 323.104538 
398 323.084157 
399 323.063773 
400 323.043385 
401 323.022994 
402 323.002601 
403 322.982204 
404 322.961804 
405 322.941401 
406 322.920995 
407 322.900586 
408 322.880174 
409 322.859758 
410 322.839340 
411 322.818918 
412 322.798493 
413 322.778066 
414 322.757635 
415 322.737201 
416 322.716763 
417 322.696323 
418 322.675880 
419 322.655433 
420 322.634984 
421 322.614531 
422 322.594075 
423 322.573616 
424 322.553154 
425 322.532689 
426 322.512221 
427 322.491749 
428 322.471274 
429 322.450797 
430 322.430316 
431 322.409832 
432 322.389345 
433 322.368854 
434 322.348361 
435 322.327864 
436 322.307365 
437 322.286862 
438 322.266356 
439 322.245847 
440 322.225335 
441 322.204819 
442 322.184301 
443 322.163779 
444 322.143254 
445 322.122726 
446 322.102195 
447 322.081660 
448 322.061123 
449 322.040582 
450 322.020038 
451 321.999491 
452 321.978941 
453 321.958388 
454 321.937831 
455 321.917272 
456 321.896709 
457 321.876143 
458 321.855573 
459 321.835001 
460 321.814426 
461 321.793847 
462 321.773265 
463 321.752680 
464 321.732092 
465 321.711500 
466 321.690905 
467 321.670308 
468 321.649707 
469 321.629102 
470 321.608495 
471 321.587884 
472 321.567271 
473 321.546654 
474 321.526033 
475 321.505410 
476 321.484783 
477 321.464154 
478 321.443521 
479 321.422884 
480 321.402245 
481 321.381602 
482 321.360956 
483 321.340307 
484 321.319655 
485 321.299000 
486 321.278341 
487 321.257679 
488 321.237014 
489 321.216345 
490 321.195674 
491 321.174999 
492 321.154321 
493 321.133640 
494 321.112955 
495 321.092267 
496 321.071576 
497 321.050882 
498 321.030185 
499 321.009484 
500 320.988780 
501 320.968073 
502 320.947363 
503 320.926649 
504 320.905932 
505 320.885212 
506 320.864489 
507 320.843762 
508 320.823032 
509 320.802299 
510 320.781562 
511 320.760823 
512 320.740080 
513 320.719334 
514 320.698584 
515 320.677832 
516 320.657076 
517 320.636316 
518 320.615554 
519 320.594788 
520 320.574019 
521 320.553247 
522 320.532471 
523 320.511692 
524 320.490910 
525 320.470125 
526 320.449336 
527 320.428544 
528 320.407749 
529 320.386950 
530 320.366149 
531 320.345343 
532 320.324535 
533 320.303723 
534 320.282908 
535 320.262090 
536 320.241268 
537 320.220444 
538 320.199615 
539 320.178784 
540 320.157949 
541 320.137111 
542 320.116270 
543 320.095425 
544 320.074577 
545 320.053726 
546 320.032871 
547 320.012013 
548 319.991152 
549 319.970287 
550 319.949419 
551 319.928548 
552 319.907674 
553 319.886796 
554 319.865915 
555 319.845030 
556 319.824142 
557 319.803251 
558 319.782357 
559 319.761459 
560 319.740558 
561 319.719653 
562 319.698745 
563 319.677834 
564 319.656919 
565 319.636002 
566 319.615080 
567 319.594156 
568 319.573228 
569 319.552297 
570 319.531362 
571 319.510424 
572 319.489483 
573 319.468538 
574 319.447590 
575 319.426639 
576 319.405684 
577 319.384726 
578 319.363764 
579 319.342799 
580 319.321831 
581 319.300860 
582 319.279885 
583 319.258906 
584 319.237925 
585 319.216939 
586 319.195951 
587 319.174959 
588 319.153964 
589 319.132965 
590 319.111963 
591 319.090958 
592 319.069949 
593 319.048937 
594 319.027922 
595 319.006903 
596 318.985880 
597 318.964855 
598 318.943825 
599 318.922793 
600 318.901757 
601 318.880718 
602 318.859675 
603 318.838629 
604 318.817579 
605 318.796526 
606 318.775470 
607 318.754410 
608 318.733347 
609 318.712280 
610 318.691210 
611 318.670137 
612 318.649060 
613 318.627980 
614 318.606896 
615 318.585809 
616 318.564718 
617 318.543624 
618 318.522527 
619 318.501426 
620 318.480321 
621 318.459214 
622 318.438103 
623 318.416988 
624 318.395870 
625 318.374748 
626 318.353623 
627 318.332495 
628 318.311363 
629 318.290228 
630 318.269089 
631 318.247947 
632 318.226801 
633 318.205652 
634 318.184499 
635 318.163343 
636 318.142184 
637 318.121021 
638 318.099854 
639 318.078685 
640 318.057511 
641 318.036334 
642 318.015154 
643 317.993970 
644 317.972783 
645 317.951592 
646 317.930398 
647 317.909200 
648 317.887999 
649 317.866794 
650 317.845586 
651 317.824374 
652 317.803159 
653 317.781941 
654 317.760719 
655 317.739493 
656 317.718264 
657 317.697031 
658 317.675795 
659 317.654555 
660 317.633312 
661 317.612066 
662 317.590815 
663 317.569562 
664 317.548305 
665 317.527044 
666 317.505780 
667 317.484512 
668 317.463241 
669 317.441966 
670 317.420688 
671 317.399406 
672 317.378120 
673 317.356832 
674 317.335539 
675 317.314243 
676 317.292944 
677 317.271641 
678 317.250334 
679 317.229024 
680 317.207711 
681 317.186393 
682 317.165073 
683 317.143748 
684 317.122421 
685 317.101089 
686 317.079754 
687 317.058416 
688 317.037074 
689 317.015728 
690 316.994379 
691 316.973027 
692 316.951670 
693 316.930310 
694 316.908947 
695 316.887580 
696 316.866210 
697 316.844836 
698 316.823458 
699 316.802077 
700 316.780692 
701 316.759303 
702 316.737912 
703 316.716516 
704 316.695117 
705 316.673714 
706 316.652308 
707 316.630898 
708 316.609484 
709 316.588067 
710 316.566647 
711 316.545222 
712 316.523795 
713 316.502363 
714 316.480928 
715 316.459489 
716 316.438047 
717 316.416601 
718 316.395152 
719 316.373699 
720 316.352242 
721 316.330781 
722 316.309317 
723 316.287850 
724 316.266379 
725 316.244904 
726 316.223425 
727 316.201943 
728 316.180458 
729 316.158968 
730 316.137475 
731 316.115979 
732 316.094478 
733 316.072975 
734 316.051467 
735 316.029956 
736 316.008441 
737 315.986923 
738 315.965401 
739 315.943875 
740 315.922345 
741 315.900812 
742 315.879276 
743 315.857735 
744 315.836191 
745 315.814644 
746 315.793092 
747 315.771537 
748 315.749979 
749 315.728416 
750 315.706850 
751 315.685281 
752 315.663707 
753 315.642130 
754 315.620550 
755 315.598965 
756 315.577377 
757 315.555785 
758 315.534190 
759 315.512591 
760 315.490988 
761 315.469381 
762 315.447771 
763 315.426157 
764 315.404540 
765 315.382919 
766 315.361294 
767 315.339665 
768 315.318032 
769 315.296396 
770 315.274757 
771 315.253113 
772 315.231466 
773 315.209815 
774 315.188160 
775 315.166502 
776 315.144840 
777 315.123174 
778 315.101504 
779 315.079831 
780 315.058154 
781 315.036473 
782 315.014789 
783 314.993101 
784 314.971409 
785 314.949713 
786 314.928014 
787 314.906311 
788 314.884604 
789 314.862893 
790 314.841179 
791 314.819461 
792 314.797739 
793 314.776013 
794 314.754284 
795 314.732550 
796 314.710814 
797 314.689073 
798 314.667328 
799 314.645580 
800 314.623828 
801 314.602073 
802 314.580313 
803 314.558550 
804 314.536783 
805 314.515012 
806 314.493237 
807 314.471459 
808 314.449677 
809 314.427891 
810 314.406101 
811 314.384308 
812 314.362510 
813 314.340709 
814 314.318904 
815 314.297095 
816 314.275283 
817 314.253467 
818 314.231647 
819 314.209823 
820 314.187995 
821 314.166163 
822 314.144328 
823 314.122489 
824 314.100646 
825 314.078799 
826 314.056948 
827 314.035094 
828 314.013236 
829 313.991374 
830 313.969508 
831 313.947638 
832 313.925765 
833 313.903887 
834 313.882006 
835 313.860121 
836 313.838232 
837 313.816339 
838 313.794443 
839 313.772542 
840 313.750638 
841 313.728730 
842 313.706818 
843 313.684902 
844 313.662982 
845 313.641059 
846 313.619131 
847 313.597200 
848 313.575265 
849 313.553326 
850 313.531383 
851 313.509436 
852 313.487485 
853 313.465531 
854 313.443573 
855 313.421610 
856 313.399644 
857 313.377674 
858 313.355700 
859 313.333723 
860 313.311741 
861 313.289755 
862 313.267766 
863 313.245772 
864 313.223775 
865 313.201774 
866 313.179769 
867 313.157760 
868 313.135747 
869 313.113730 
870 313.091710 
871 313.069685 
872 313.047657 
873 313.025624 
874 313.003588 
875 312.981548 
876 312.959503 
877 312.937455 
878 312.915403 
879 312.893347 
880 312.871287 
881 312.849224 
882 312.827156 
883 312.805084 
884 312.783008 
885 312.760929 
886 312.738845 
887 312.716758 
888 312.694666 
889 312.672571 
890 312.650472 
891 312.628368 
892 312.606261 
893 312.584150 
894 312.562035 
895 312.539916 
896 312.517793 
897 312.495666 
898 312.473535 
899 312.451400 
900 312.429261 
901 312.407118 
902 312.384971 
903 312.362820 
904 312.340665 
905 312.318506 
906 312.296343 
907 312.274176 
908 312.252006 
909 312.229831 
910 312.207652 
911 312.185469 
912 312.163282 
913 312.141091 
914 312.118897 
915 312.096698 
916 312.074495 
917 312.052288 
918 312.030077 
919 312.007862 
920 311.985643 
921 311.963421 
922 311.941194 
923 311.918963 
924 311.896728 
925 311.874489 
926 311.852246 
927 311.829998 
928 311.807747 
929 311.785492 
930 311.763233 
931 311.740970 
932 311.718702 
933 311.696431 
934 311.674156 
935 311.651876 
936 311.629593 
937 311.607305 
938 311.585014 
939 311.562718 
940 311.540418 
941 311.518115 
942 311.495807 
943 311.473495 
944 311.451179 
945 311.428859 
946 311.406535 
947 311.384206 
948 311.361874 
949 311.339538 
950 311.317197 
951 311.294853 
952 311.272504 
953 311.250151 
954 311.227795 
955 311.205434 
956 311.183069 
957 311.160700 
958 311.138326 
959 311.115949 
960 311.093568 
961 311.071182 
962 311.048793 
963 311.026399 
964 311.004001 
965 310.981599 
966 310.959193 
967 310.936783 
968 310.914368 
969 310.891950 
970 310.869527 
971 310.847100 
972 310.824669 
973 310.802234 
974 310.779795 
975 310.757352 
976 310.734905 
977 310.712453 
978 310.689997 
979 310.667537 
980 310.645073 
981 310.622605 
982 310.600133 
983 310.577656 
984 310.555176 
985 310.532691 
986 310.510202 
987 310.487709 
988 310.465211 
989 310.442710 
990 310.420204 
991 310.397694 
992 310.375180 
993 310.352662 
994 310.330139 
995 310.307613 
996 310.285082 
997 310.262547 
998 310.240008 
999 310.217465 
1000 310.194917 
1001 310.172365 
1002 310.149809 
1003 310.127249 
1004 310.104685 
1005 310.082116 
1006 310.059543 
1007 310.036966 
1008 310.014385 
1009 309.991799 
1010 309.969210 
1011 309.946616 
1012 309.924018 
1013 309.901415 
1014 309.878809 
1015 309.856198 
1016 309.833583 
1017 309.810963 
1018 309.788340 
1019 309.765712 
1020 309.743080 
1021 309.720443 
1022 309.697803 
1023 309.675158 
1024 309.652509 
1025 309.629856 
1026 309.607198 
1027 309.584536 
1028 309.561870 
1029 309.539200 
1030 309.516525 
1031 309.493846 
1032 309.471163 
1033 309.448475 
1034 309.425784 
1035 309.403087 
1036 309.380387 
1037 309.357682 
1038 309.334974 
1039 309.312260 
1040 309.289543 
1041 309.266821 
1042 309.244095 
1043 309.221364 
1044 309.198630 
1045 309.175891 
1046 309.153147 
1047 309.130400 
1048 309.107648 
1049 309.084892 
1050 309.062131 
1051 309.039366 
1052 309.016597 
1053 308.993823 
1054 308.971045 
1055 308.948263 
1056 308.925476 
1057 308.902686 
1058 308.879890 
1059 308.857091 
1060 308.834287 
1061 308.811478 
1062 308.788666 
1063 308.765849 
1064 308.743027 
1065 308.720202 
1066 308.697372 
1067 308.674537 
1068 308.651699 
1069 308.628855 
1070 308.606008 
1071 308.583156 
1072 308.560300 
1073 308.537439 
1074 308.514574 
1075 308.491705 
1076 308.468831 
1077 308.445953 
1078 308.423070 
1079 308.400183 
1080 308.377292 
1081 308.354396 
1082 308.331496 
1083 308.308591 
1084 308.285682 
1085 308.262769 
1086 308.239851 
1087 308.216929 
1088 308.194002 
1089 308.171071 
1090 308.148136 
1091 308.125196 
1092 308.102252 
1093 308.079303 
1094 308.056350 
1095 308.033392 
1096 308.010430 
1097 307.987464 
1098 307.964493 
1099 307.941518 
1100 307.918538 
1101 307.895553 
1102 307.872565 
1103 307.849572 
1104 307.826574 
1105 307.803572 
1106 307.780565 
1107 307.757554 
1108 307.734539 
1109 307.711519 
1110 307.688495 
1111 307.665466 
1112 307.642433 
1113 307.619395 
1114 307.596352 
1115 307.573306 
1116 307.550254 
1117 307.527199 
1118 307.504138 
1119 307.481074 
1120 307.458004 
1121 307.434930 
1122 307.411852 
1123 307.388769 
1124 307.365682 
1125 307.342590 
1126 307.319494 
1127 307.296393 
1128 307.273288 
1129 307.250178 
1130 307.227064 
1131 307.203945 
1132 307.180821 
1133 307.157693 
1134 307.134561 
1135 307.111424 
1136 307.088282 
1137 307.065136 
1138 307.041985 
1139 307.018830 
1140 306.995670 
1141 306.972506 
1142 306.949337 
1143 306.926164 
1144 306.902986 
1145 306.879803 
1146 306.856616 
1147 306.833424 
1148 306.810228 
1149 306.787027 
1150 306.763822 
1151 306.740612 
1152 306.717397 
1153 306.694178 
1154 306.670954 
1155 306.647726 
1156 306.624493 
1157 306.601255 
1158 306.578013 
1159 306.554766 
1160 306.531515 
1161 306.508259 
1162 306.484998 
1163 306.461733 
1164 306.438463 
1165 306.415189 
1166 306.391910 
1167 306.368626 
1168 306.345338 
1169 306.322045 
1170 306.298747 
1171 306.275445 
1172 306.252138 
1173 306.228827 
1174 306.205511 
1175 306.182190 
1176 306.158865 
1177 306.135535 
1178 306.112200 
1179 306.088860 
1180 306.065516 
1181 306.042168 
1182 306.018814 
1183 305.995456 
1184 305.972094 
1185 305.948726 
1186 305.925354 
1187 305.901977 
1188 305.878596 
1189 305.855210 
1190 305.831819 
1191 305.808424 
1192 305.785023 
1193 305.761618 
1194 305.738209 
1195 305.714795 
1196 305.691376 
1197 305.667952 
1198 305.644523 
1199 305.621090 
1200 305.597653 
1201 305.574210 
1202 305.550763 
1203 305.527311 
1204 305.503854 
1205 305.480392 
1206 305.456926 
1207 305.433455 
1208 305.409980 
1209 305.386499 
1210 305.363014 
1211 305.339524 
1212 305.316030 
1213 305.292530 
1214 305.269026 
1215 305.245517 
1216 305.222003 
1217 305.198485 
1218 305.174962 
1219 305.151434 
1220 305.127901 
1221 305.104363 
1222 305.080821 
1223 305.057274 
1224 305.033722 
1225 305.010165 
1226 304.986604 
1227 304.963038 
1228 304.939466 
1229 304.915891 
1230 304.892310 
1231 304.868724 
1232 304.845134 
1233 304.821539 
1234 304.797939 
1235 304.774334 
1236 304.750725 
1237 304.727111 
1238 304.703491 
1239 304.679867 
1240 304.656239 
1241 304.632605 
1242 304.608966 
1243 304.585323 
1244 304.561675 
1245 304.538022 
1246 304.514364 
1247 304.490701 
1248 304.467033 
1249 304.443361 
1250 304.419684 
1251 304.396001 
1252 304.372314 
1253 304.348622 
1254 304.324926 
1255 304.301224 
1256 304.277517 
1257 304.253806 
1258 304.230089 
1259 304.206368 
1260 304.182642 
1261 304.158911 
1262 304.135175 
1263 304.111434 
1264 304.087689 
1265 304.063938 
1266 304.040183 
1267 304.016422 
1268 303.992657 
1269 303.968886 
1270 303.945111 
1271 303.921331 
1272 303.897546 
1273 303.873756 
1274 303.849961 
1275 303.826161 
1276 303.802356 
1277 303.778547 
1278 303.754732 
1279 303.730912 
1280 303.707088 
1281 303.683258 
1282 303.659424 
1283 303.635584 
1284 303.611740 
1285 303.587891 
1286 303.564036 
1287 303.540177 
1288 303.516313 
1289 303.492443 
1290 303.468569 
1291 303.444690 
1292 303.420805 
1293 303.396916 
1294 303.373022 
1295 303.349123 
1296 303.325218 
1297 303.301309 
1298 303.277395 
1299 303.253476 
1300 303.229551 
1301 303.205622 
1302 303.181688 
1303 303.157749 
1304 303.133804 
1305 303.109855 
1306 303.085900 
1307 303.061941 
1308 303.037976 
1309 303.014007 
1310 302.990032 
1311 302.966053 
1312 302.942068 
1313 302.918078 
1314 302.894083 
1315 302.870083 
1316 302.846079 
1317 302.822069 
1318 302.798053 
1319 302.774033 
1320 302.750008 
1321 302.725978 
1322 302.701942 
1323 302.677902 
1324 302.653856 
1325 302.629806 
1326 302.605750 
1327 302.581689 
1328 302.557623 
1329 302.533552 
1330 302.509476 
1331 302.485395 
1332 302.461308 
1333 302.437217 
1334 302.413120 
1335 302.389018 
1336 302.364912 
1337 302.340799 
1338 302.316682 
1339 302.292560 
1340 302.268433 
1341 302.244300 
1342 302.220162 
1343 302.196019 
1344 302.171871 
1345 302.147718 
1346 302.123560 
1347 302.099396 
1348 302.075228 
1349 302.051054 
1350 302.026875 
1351 302.002691 
1352 301.978501 
1353 301.954307 
1354 301.930107 
1355 301.905902 
1356 301.881692 
1357 301.857476 
1358 301.833256 
1359 301.809030 
1360 301.784799 
1361 301.760563 
1362 301.736322 
1363 301.712075 
1364 301.687823 
1365 301.663566 
1366 301.639304 
1367 301.615036 
1368 301.590764 
1369 301.566486 
1370 301.542202 
1371 301.517914 
1372 301.493620 
1373 301.469321 
1374 301.445017 
1375 301.420708 
1376 301.396393 
1377 301.372073 
1378 301.347748 
1379 301.323417 
1380 301.299081 
1381 301.274740 
1382 301.250394 
1383 301.226042 
1384 301.201685 
1385 301.177323 
1386 301.152956 
1387 301.128583 
1388 301.104205 
1389 301.079821 
1390 301.055432 
1391 301.031038 
1392 301.006639 
1393 300.982234 
1394 300.957824 
1395 300.933409 
1396 300.908988 
1397 300.884562 
1398 300.860131 
1399 300.835694 
1400 300.811252 
1401 300.786805 
1402 300.762352 
1403 300.737894 
1404 300.713431 
1405 300.688962 
1406 300.664488 
1407 300.640009 
1408 300.615524 
1409 300.591033 
1410 300.566538 
1411 300.542037 
1412 300.517530 
1413 300.493019 
1414 300.468501 
1415 300.443979 
1416 300.419451 
1417 300.394918 
1418 300.370379 
1419 300.345835 
1420 300.321285 
1421 300.296730 
1422 300.272170 
1423 300.247604 
1424 300.223033 
1425 300.198456 
1426 300.173874 
1427 300.149286 
1428 300.124693 
1429 300.100095 
1430 300.075491 
1431 300.050881 
1432 300.026267 
1433 300.001646 
1434 299.977021 
1435 299.952389 
1436 299.927753 
1437 299.903111 
1438 299.878463 
1439 299.853810 
1440 299.829151 
1441 299.804487 
1442 299.779818 
1443 299.755143 
1444 299.730462 
1445 299.705776 
1446 299.681084 
1447 299.656387 
1448 299.631685 
1449 299.606977 
1450 299.582263 
1451 299.557544 
1452 299.532819 
1453 299.508089 
1454 299.483353 
1455 299.458612 
1456 299.433865 
1457 299.409113 
1458 299.384355 
1459 299.359591 
1460 299.334822 
1461 299.310048 
1462 299.285268 
1463 299.260482 
1464 299.235691 
1465 299.210894 
1466 299.186091 
1467 299.161283 
1468 299.136470 
1469 299.111651 
1470 299.086826 
1471 299.061995 
1472 299.037159 
1473 299.012318 
1474 298.987471 
1475 298.962618 
1476 298.937759 
1477 298.912895 
1478 298.888026 
1479 298.863150 
1480 298.838269 
1481 298.813383 
1482 298.788491 
1483 298.763593 
1484 298.738689 
1485 298.713780 
1486 298.688865 
1487 298.663945 
1488 298.639019 
1489 298.614087 
1490 298.589149 
1491 298.564206 
1492 298.539258 
1493 298.514303 
1494 298.489343 
1495 298.464377 
1496 298.439406 
1497 298.414428 
1498 298.389445 
1499 298.364457 
1500 298.339462 
1501 298.314462 
1502 298.289457 
1503 298.264445 
1504 298.239428 
1505 298.214405 
1506 298.189376 
1507 298.164342 
1508 298.139302 
1509 298.114256 
1510 298.089204 
1511 298.064147 
1512 298.039084 
1513 298.014015 
1514 297.988940 
1515 297.963860 
1516 297.938774 
1517 297.913682 
1518 297.888584 
1519 297.863480 
1520 297.838371 
1521 297.813256 
1522 297.788135 
1523 297.763008 
1524 297.737876 
1525 297.712738 
1526 297.687594 
1527 297.662444 
1528 297.637288 
1529 297.612126 
1530 297.586959 
1531 297.561786 
1532 297.536607 
1533 297.511422 
1534 297.486231 
1535 297.461035 
1536 297.435832 
1537 297.410624 
1538 297.385410 
1539 297.360190 
1540 297.334964 
1541 297.309733 
1542 297.284495 
1543 297.259252 
1544 297.234002 
1545 297.208747 
1546 297.183486 
1547 297.158219 
1548 297.132946 
1549 297.107667 
1550 297.082383 
1551 297.057092 
1552 297.031796 
1553 297.006493 
1554 296.981185 
1555 296.955871 
1556 296.930550 
1557 296.905224 
1558 296.879892 
1559 296.854554 
1560 296.829210 
1561 296.803860 
1562 296.778505 
1563 296.753143 
1564 296.727775 
1565 296.702401 
1566 296.677022 
1567 296.651636 
1568 296.626244 
1569 296.600847 
1570 296.575443 
1571 296.550033 
1572 296.524618 
1573 296.499196 
1574 296.473769 
1575 296.448335 
1576 296.422895 
1577 296.397450 
1578 296.371998 
1579 296.346540 
1580 296.321077 
1581 296.295607 
1582 296.270131 
1583 296.244649 
1584 296.219162 
1585 296.193668 
1586 296.168168 
1587 296.142662 
1588 296.117150 
1589 296.091632 
1590 296.066107 
1591 296.040577 
1592 296.015041 
1593 295.989498 
1594 295.963950 
1595 295.938395 
1596 295.912834 
1597 295.887268 
1598 295.861695 
1599 295.836116 
1600 295.810530 
1601 295.784939 
1602 295.759342 
1603 295.733738 
1604 295.708129 
1605 295.682513 
1606 295.656891 
1607 295.631263 
1608 295.605629 
1609 295.579988 
1610 295.554342 
1611 295.528689 
1612 295.503030 
1613 295.477365 
1614 295.451694 
1615 295.426017 
1616 295.400333 
1617 295.374644 
1618 295.348948 
1619 295.323246 
1620 295.297537 
1621 295.271823 
1622 295.246102 
1623 295.220375 
1624 295.194642 
1625 295.168903 
1626 295.143157 
1627 295.117405 
1628 295.091647 
1629 295.065883 
1630 295.040113 
1631 295.014336 
1632 294.988553 
1633 294.962764 
1634 294.936968 
1635 294.911166 
1636 294.885358 
1637 294.859544 
1638 294.833723 
1639 294.807896 
1640 294.782063 
1641 294.756224 
1642 294.730378 
1643 294.704526 
1644 294.678667 
1645 294.652803 
1646 294.626932 
1647 294.601054 
1648 294.575171 
1649 294.549281 
1650 294.523384 
1651 294.497482 
1652 294.471573 
1653 294.445657 
1654 294.419736 
1655 294.393808 
1656 294.367873 
1657 294.341932 
1658 294.315985 
1659 294.290032 
1660 294.264072 
1661 294.238106 
1662 294.212133 
1663 294.186154 
1664 294.160169 
1665 294.134177 
1666 294.108178 
1667 294.082174 
1668 294.056163 
1669 294.030145 
1670 294.004121 
1671 293.978091 
1672 293.952054 
1673 293.926011 
1674 293.899961 
1675 293.873905 
1676 293.847843 
1677 293.821774 
1678 293.795698 
1679 293.769616 
1680 293.743528 
1681 293.717433 
1682 293.691331 
1683 293.665224 
1684 293.639109 
1685 293.612988 
1686 293.586861 
1687 293.560727 
1688 293.534587 
1689 293.508440 
1690 293.482287 
1691 293.456127 
1692 293.429960 
1693 293.403787 
1694 293.377608 
1695 293.351422 
1696 293.325229 
1697 293.299030 
1698 293.272824 
1699 293.246612 
1700 293.220393 
1701 293.194168 
1702 293.167936 
1703 293.141697 
1704 293.115452 
1705 293.089201 
1706 293.062942 
1707 293.036677 
1708 293.010406 
1709 292.984128 
1710 292.957843 
1711 292.931552 
1712 292.905254 
1713 292.878949 
1714 292.852638 
1715 292.826320 
1716 292.799995 
1717 292.773664 
1718 292.747326 
1719 292.720982 
1720 292.694631 
1721 292.668273 
1722 292.641908 
1723 292.615537 
1724 292.589159 
1725 292.562775 
1726 292.536384 
1727 292.509986 
1728 292.483581 
1729 292.457170 
1730 292.430752 
1731 292.404327 
1732 292.377896 
1733 292.351457 
1734 292.325012 
1735 292.298561 
1736 292.272102 
1737 292.245637 
1738 292.219165 
1739 292.192687 
1740 292.166201 
1741 292.139709 
1742 292.113210 
1743 292.086704 
1744 292.060192 
1745 292.033672 
1746 292.007146 
1747 291.980613 
1748 291.954074 
1749 291.927527 
1750 291.900974 
1751 291.874414 
1752 291.847847 
1753 291.821273 
1754 291.794692 
1755 291.768105 
1756 291.741511 
1757 291.714909 
1758 291.688301 
1759 291.661687 
1760 291.635065 
1761 291.608436 
1762 291.581801 
1763 291.555158 
1764 291.528509 
1765 291.501853 
1766 291.475190 
1767 291.448520 
1768 291.421843 
1769 291.395160 
1770 291.368469 
1771 291.341771 
1772 291.315067 
1773 291.288355 
1774 291.261637 
1775 291.234912 
1776 291.208180 
1777 291.181440 
1778 291.154694 
1779 291.127941 
1780 291.101181 
1781 291.074414 
1782 291.047640 
1783 291.020859 
1784 290.994071 
1785 290.967276 
1786 290.940474 
1787 290.913665 
1788 290.886849 
1789 290.860026 
1790 290.833196 
1791 290.806359 
1792 290.779515 
1793 290.752663 
1794 290.725805 
1795 290.698940 
1796 290.672068 
1797 290.645188 
1798 290.618302 
1799 290.591408 
1800 290.564508 
1801 290.537600 
1802 290.510685 
1803 290.483764 
1804 290.456835 
1805 290.429899 
1806 290.402956 
1807 290.376005 
1808 290.349048 
1809 290.322084 
1810 290.295112 
1811 290.268133 
1812 290.241147 
1813 290.214154 
1814 290.187154 
1815 290.160147 
1816 290.133132 
1817 290.106111 
1818 290.079082 
1819 290.052046 
1820 290.025003 
1821 289.997952 
1822 289.970895 
1823 289.943830 
1824 289.916758 
1825 289.889679 
1826 289.862592 
1827 289.835499 
1828 289.808398 
1829 289.781290 
1830 289.754175 
1831 289.727052 
1832 289.699922 
1833 289.672785 
1834 289.645641 
1835 289.618489 
1836 289.591330 
1837 289.564164 
1838 289.536991 
1839 289.509810 
1840 289.482622 
1841 289.455427 
1842 289.428224 
1843 289.401014 
1844 289.373797 
1845 289.346572 
1846 289.319340 
1847 289.292101 
1848 289.264854 
1849 289.237600 
1850 289.210339 
1851 289.183070 
1852 289.155794 
1853 289.128511 
1854 289.101220 
1855 289.073922 
1856 289.046617 
1857 289.019304 
1858 288.991983 
1859 288.964656 
1860 288.937320 
1861 288.909978 
1862 288.882628 
1863 288.855270 
1864 288.827906 
1865 288.800533 
1866 288.773154 
1867 288.745766 
1868 288.718372 
1869 288.690970 
1870 288.663560 
1871 288.636143 
1872 288.608718 
1873 288.581286 
1874 288.553847 
1875 288.526400 
1876 288.498945 
1877 288.471483 
1878 288.444014 
1879 288.416537 
1880 288.389052 
1881 288.361560 
1882 288.334060 
1883 288.306553 
1884 288.279039 
1885 288.251516 
1886 288.223986 
1887 288.196449 
1888 288.168904 
1889 288.141351 
1890 288.113791 
1891 288.086223 
1892 288.058648 
1893 288.031065 
1894 288.003474 
1895 287.975876 
1896 287.948270 
1897 287.920657 
1898 287.893036 
1899 287.865407 
1900 287.837770 
1901 287.810126 
1902 287.782475 
1903 287.754815 
1904 287.727148 
1905 287.699473 
1906 287.671791 
1907 287.644101 
1908 287.616403 
1909 287.588697 
1910 287.560984 
1911 287.533263 
1912 287.505535 
1913 287.477798 
1914 287.450054 
1915 287.422302 
1916 287.394542 
1917 287.366775 
1918 287.339000 
1919 287.311217 
1920 287.283426 
1921 287.255628 
1922 287.227822 
1923 287.200008 
1924 287.172186 
1925 287.144356 
1926 287.116519 
1927 287.088673 
1928 287.060820 
1929 287.032959 
1930 287.005091 
1931 286.977214 
1932 286.949329 
1933 286.921437 
1934 286.893537 
1935 286.865629 
1936 286.837713 
1937 286.809789 
1938 286.781858 
1939 286.753918 
1940 286.725971 
1941 286.698015 
1942 286.670052 
1943 286.642081 
1944 286.614102 
1945 286.586114 
1946 286.558119 
1947 286.530116 
1948 286.502106 
1949 286.474087 
1950 286.446060 
1951 286.418025 
1952 286.389982 
1953 286.361932 
1954 286.333873 
1955 286.305806 
1956 286.277731 
1957 286.249649 
1958 286.221558 
1959 286.193459 
1960 286.165352 
1961 286.137237 
1962 286.109114 
1963 286.080983 
1964 286.052844 
1965 286.024697 
1966 285.996542 
1967 285.968379 
1968 285.940208 
1969 285.912028 
1970 285.883841 
1971 285.855645 
1972 285.827441 
1973 285.799230 
1974 285.771010 
1975 285.742781 
1976 285.714545 
1977 285.686301 
1978 285.658048 
1979 285.629788 
1980 285.601519 
1981 285.573242 
1982 285.544957 
1983 285.516663 
1984 285.488362 
1985 285.460052 
1986 285.431734 
1987 285.403408 
1988 285.375073 
1989 285.346731 
1990 285.318380 
1991 285.290021 
1992 285.261654 
1993 285.233278 
1994 285.204894 
1995 285.176502 
1996 285.148102 
1997 285.119693 
1998 285.091276 
1999 285.062851 
2000 285.034417 
2001 285.005975 
2002 284.977525 
2003 284.949067 
2004 284.920600 
2005 284.892125 
2006 284.863641 
2007 284.835149 
2008 284.806649 
2009 284.778140 
2010 284.749623 
2011 284.721098 
2012 284.692564 
2013 284.664022 
2014 284.635472 
2015 284.606913 
2016 284.578346 
2017 284.549770 
2018 284.521186 
2019 284.492593 
2020 284.463992 
2021 284.435382 
2022 284.406764 
2023 284.378138 
2024 284.349503 
2025 284.320860 
2026 284.292208 
2027 284.263547 
2028 284.234879 
2029 284.206201 
2030 284.177515 
2031 284.148821 
2032 284.120118 
2033 284.091407 
2034 284.062687 
2035 284.033958 
2036 284.005221 
2037 283.976475 
2038 283.947721 
2039 283.918958 
2040 283.890187 
2041 283.861407 
2042 283.832618 
2043 283.803821 
2044 283.775015 
2045 283.746200 
2046 283.717377 
2047 283.688546 
2048 283.659705 
2049 283.630856 
2050 283.601998 
2051 283.573132 
2052 283.544257 
2053 283.515373 
2054 283.486481 
2055 283.457580 
2056 283.428670 
2057 283.399751 
2058 283.370824 
2059 283.341888 
2060 283.312943 
2061 283.283990 
2062 283.255028 
2063 283.226057 
2064 283.197077 
2065 283.168088 
2066 283.139091 
2067 283.110085 
2068 283.081070 
2069 283.052046 
2070 283.023014 
2071 282.993972 
2072 282.964922 
2073 282.935863 
2074 282.906795 
2075 282.877719 
2076 282.848633 
2077 282.819539 
2078 282.790435 
2079 282.761323 
2080 282.732202 
2081 282.703072 
2082 282.673933 
2083 282.644785 
2084 282.615629 
2085 282.586463 
2086 282.557288 
2087 282.528105 
2088 282.498912 
2089 282.469711 
2090 282.440501 
2091 282.411281 
2092 282.382053 
2093 282.352816 
2094 282.323569 
2095 282.294314 
2096 282.265050 
2097 282.235776 
2098 282.206494 
2099 282.177202 
2100 282.147902 
2101 282.118592 
2102 282.089274 
2103 282.059946 
2104 282.030609 
2105 282.001263 
2106 281.971908 
2107 281.942544 
2108 281.913171 
2109 281.883789 
2110 281.854397 
2111 281.824997 
2112 281.795587 
2113 281.766168 
2114 281.736740 
2115 281.707303 
2116 281.677857 
2117 281.648401 
2118 281.618936 
2119 281.589462 
2120 281.559979 
2121 281.530487 
2122 281.500985 
2123 281.471474 
2124 281.441954 
2125 281.412425 
2126 281.382886 
2127 281.353339 
2128 281.323781 
2129 281.294215 
2130 281.264639 
2131 281.235054 
2132 281.205460 
2133 281.175856 
2134 281.146244 
2135 281.116621 
2136 281.086990 
2137 281.057349 
2138 281.027698 
2139 280.998039 
2140 280.968370 
2141 280.938691 
2142 280.909003 
2143 280.879306 
2144 280.849599 
2145 280.819883 
2146 280.790158 
2147 280.760423 
2148 280.730679 
2149 280.700925 
2150 280.671161 
2151 280.641389 
2152 280.611606 
2153 280.581815 
2154 280.552013 
2155 280.522203 
2156 280.492382 
2157 280.462553 
2158 280.432713 
2159 280.402865 
2160 280.373006 
2161 280.343138 
2162 280.313261 
2163 280.283374 
2164 280.253477 
2165 280.223571 
2166 280.193655 
2167 280.163730 
2168 280.133795 
2169 280.103850 
2170 280.073895 
2171 280.043932 
2172 280.013958 
2173 279.983975 
2174 279.953982 
2175 279.923979 
2176 279.893967 
2177 279.863945 
2178 279.833913 
2179 279.803872 
2180 279.773820 
2181 279.743760 
2182 279.713689 
2183 279.683609 
2184 279.653518 
2185 279.623418 
2186 279.593309 
2187 279.563189 
2188 279.533060 
2189 279.502921 
2190 279.472772 
2191 279.442613 
2192 279.412445 
2193 279.382266 
2194 279.352078 
2195 279.321880 
2196 279.291672 
2197 279.261454 
2198 279.231227 
2199 279.200989 
2200 279.170741 
2201 279.140484 
2202 279.110217 
2203 279.079939 
2204 279.049652 
2205 279.019355 
2206 278.989048 
2207 278.958731 
2208 278.928404 
2209 278.898066 
2210 278.867719 
2211 278.837362 
2212 278.806995 
2213 278.776618 
2214 278.746231 
2215 278.715834 
2216 278.685426 
2217 278.655009 
2218 278.624582 
2219 278.594144 
2220 278.563697 
2221 278.533239 
2222 278.502771 
2223 278.472293 
2224 278.441805 
2225 278.411307 
2226 278.380799 
2227 278.350280 
2228 278.319752 
2229 278.289213 
2230 278.258664 
2231 278.228104 
2232 278.197535 
2233 278.166955 
2234 278.136365 
2235 278.105765 
2236 278.075155 
2237 278.044534 
2238 278.013903 
2239 277.983262 
2240 277.952611 
2241 277.921949 
2242 277.891277 
2243 277.860595 
2244 277.829902 
2245 277.799199 
2246 277.768486 
2247 277.737762 
2248 277.707028 
2249 277.676283 
2250 277.645529 
2251 277.614763 
2252 277.583988 
2253 277.553202 
2254 277.522405 
2255 277.491598 
2256 277.460781 
2257 277.429953 
2258 277.399115 
2259 277.368266 
2260 277.337407 
2261 277.306537 
2262 277.275657 
2263 277.244766 
2264 277.213865 
2265 277.182953 
2266 277.152031 
2267 277.121098 
2268 277.090155 
2269 277.059201 
2270 277.028236 
2271 276.997261 
2272 276.966275 
2273 276.935279 
2274 276.904272 
2275 276.873254 
2276 276.842226 
2277 276.811187 
2278 276.780137 
2279 276.749077 
2280 276.718006 
2281 276.686924 
2282 276.655831 
2283 276.624728 
2284 276.593614 
2285 276.562490 
2286 276.531354 
2287 276.500208 
2288 276.469051 
2289 276.437884 
2290 276.406705 
2291 276.375516 
2292 276.344316 
2293 276.313105 
2294 276.281883 
2295 276.250650 
2296 276.219407 
2297 276.188153 
2298 276.156887 
2299 276.125611 
2300 276.094324 
2301 276.063026 
2302 276.031717 
2303 276.000398 
2304 275.969067 
2305 275.937725 
2306 275.906373 
2307 275.875009 
2308 275.843634 
2309 275.812249 
2310 275.780852 
2311 275.749445 
2312 275.718026 
2313 275.686596 
2314 275.655156 
2315 275.623704 
2316 275.592241 
2317 275.560767 
2318 275.529282 
2319 275.497786 
2320 275.466278 
2321 275.434760 
2322 275.403230 
2323 275.371690 
2324 275.340138 
2325 275.308575 
2326 275.277001 
2327 275.245415 
2328 275.213819 
2329 275.182211 
2330 275.150592 
2331 275.118961 
2332 275.087320 
2333 275.055667 
2334 275.024003 
2335 274.992327 
2336 274.960641 
2337 274.928943 
2338 274.897233 
2339 274.865513 
2340 274.833781 
2341 274.802037 
2342 274.770283 
2343 274.738517 
2344 274.706739 
2345 274.674950 
2346 274.643150 
2347 274.611338 
2348 274.579515 
2349 274.547681 
2350 274.515834 
2351 274.483977 
2352 274.452108 
2353 274.420227 
2354 274.388335 
2355 274.356432 
2356 274.324517 
2357 274.292590 
2358 274.260652 
2359 274.228702 
2360 274.196741 
2361 274.164768 
2362 274.132784 
2363 274.100788 
2364 274.068780 
2365 274.036761 
2366 274.004730 
2367 273.972687 
2368 273.940633 
2369 273.908567 
2370 273.876489 
2371 273.844400 
2372 273.812299 
2373 273.780186 
2374 273.748061 
2375 273.715925 
2376 273.683777 
2377 273.651617 
2378 273.619445 
2379 273.587262 
2380 273.555067 
2381 273.522859 
2382 273.490641 
2383 273.458410 
2384 273.426167 
2385 273.393912 
2386 273.361646 
2387 273.329368 
2388 273.297077 
2389 273.264775 
2390 273.232461 
2391 273.200135 
2392 273.167797 
2393 273.135447 
2394 273.103085 
2395 273.070711 
2396 273.038325 
2397 273.005927 
2398 272.973517 
2399 272.941095 
2400 272.908661 
2401 272.876214 
2402 272.843756 
2403 272.811286 
2404 272.778803 
2405 272.746308 
2406 272.713802 
2407 272.681283 
2408 272.648751 
2409 272.616208 
2410 272.583653 
2411 272.551085 
2412 272.518505 
2413 272.485913 
2414 272.453308 
2415 272.420692 
2416 272.388063 
2417 272.355422 
2418 272.322768 
2419 272.290102 
2420 272.257424 
2421 272.224734 
2422 272.192031 
2423 272.159316 
2424 272.126588 
2425 272.093848 
2426 272.061096 
2427 272.028331 
2428 271.995554 
2429 271.962765 
2430 271.929963 
2431 271.897148 
2432 271.864321 
2433 271.831482 
2434 271.798630 
2435 271.765765 
2436 271.732888 
2437 271.699999 
2438 271.667096 
2439 271.634182 
2440 271.601255 
2441 271.568315 
2442 271.535362 
2443 271.502397 
2444 271.469419 
2445 271.436429 
2446 271.403426 
2447 271.370410 
2448 271.337382 
2449 271.304340 
2450 271.271287 
2451 271.238220 
2452 271.205141 
2453 271.172049 
2454 271.138944 
2455 271.105826 
2456 271.072695 
2457 271.039552 
2458 271.006396 
2459 270.973227 
2460 270.940045 
2461 270.906851 
2462 270.873643 
2463 270.840422 
2464 270.807189 
2465 270.773943 
2466 270.740683 
2467 270.707411 
2468 270.674126 
2469 270.640828 
2470 270.607517 
2471 270.574192 
2472 270.540855 
2473 270.507505 
2474 270.474141 
2475 270.440765 
2476 270.407376 
2477 270.373973 
2478 270.340557 
2479 270.307128 
2480 270.273686 
2481 270.240231 
2482 270.206763 
2483 270.173282 
2484 270.139787 
2485 270.106279 
2486 270.072758 
2487 270.039223 
2488 270.005676 
2489 269.972115 
2490 269.938541 
2491 269.904953 
2492 269.871352 
2493 269.837738 
2494 269.804111 
2495 269.770470 
2496 269.736816 
2497 269.703148 
2498 269.669467 
2499 269.635772 
2500 269.602065 
2501 269.568343 
2502 269.534608 
2503 269.500860 
2504 269.467098 
2505 269.433323 
2506 269.399534 
2507 269.365732 
2508 269.331916 
2509 269.298086 
2510 269.264243 
2511 269.230386 
2512 269.196516 
2513 269.162632 
2514 269.128735 
2515 269.094823 
2516 269.060898 
2517 269.026960 
2518 268.993007 
2519 268.959041 
2520 268.925062 
2521 268.891068 
2522 268.857061 
2523 268.823039 
2524 268.789005 
2525 268.754956 
2526 268.720893 
2527 268.686817 
2528 268.652726 
2529 268.618622 
2530 268.584504 
2531 268.550372 
2532 268.516226 
2533 268.482066 
2534 268.447893 
2535 268.413705 
2536 268.379503 
2537 268.345287 
2538 268.311057 
2539 268.276813 
2540 268.242555 
2541 268.208283 
2542 268.173997 
2543 268.139697 
2544 268.105383 
2545 268.071054 
2546 268.036712 
2547 268.002355 
2548 267.967984 
2549 267.933599 
2550 267.899199 
2551 267.864786 
2552 267.830358 
2553 267.795916 
2554 267.761459 
2555 267.726989 
2556 267.692504 
2557 267.658004 
2558 267.623490 
2559 267.588962 
2560 267.554420 
2561 267.519863 
2562 267.485292 
2563 267.450706 
2564 267.416106 
2565 267.381491 
2566 267.346862 
2567 267.312218 
2568 267.277560 
2569 267.242887 
2570 267.208200 
2571 267.173498 
2572 267.138782 
2573 267.104051 
2574 267.069305 
2575 267.034545 
2576 266.999770 
2577 266.964981 
2578 266.930176 
2579 266.895357 
2580 266.860524 
2581 266.825675 
2582 266.790812 
2583 266.755934 
2584 266.721041 
2585 266.686134 
2586 266.651211 
2587 266.616274 
2588 266.581322 
2589 266.546355 
2590 266.511373 
2591 266.476376 
2592 266.441364 
2593 266.406338 
2594 266.371296 
2595 266.336239 
2596 266.301167 
2597 266.266081 
2598 266.230979 
2599 266.195862 
2600 266.160730 
2601 266.125583 
2602 266.090421 
2603 266.055244 
2604 266.020052 
2605 265.984844 
2606 265.949622 
2607 265.914384 
2608 265.879131 
2609 265.843862 
2610 265.808579 
2611 265.773280 
2612 265.737965 
2613 265.702636 
2614 265.667291 
2615 265.631931 
2616 265.596555 
2617 265.561164 
2618 265.525758 
2619 265.490336 
2620 265.454899 
2621 265.419446 
2622 265.383978 
2623 265.348495 
2624 265.312996 
2625 265.277481 
2626 265.241951 
2627 265.206405 
2628 265.170843 
2629 265.135266 
2630 265.099674 
2631 265.064065 
2632 265.028441 
2633 264.992802 
2634 264.957146 
2635 264.921475 
2636 264.885788 
2637 264.850086 
2638 264.814367 
2639 264.778633 
2640 264.742883 
2641 264.707117 
2642 264.671336 
2643 264.635538 
2644 264.599724 
2645 264.563895 
2646 264.528050 
2647 264.492188 
2648 264.456311 
2649 264.420418 
2650 264.384508 
2651 264.348583 
2652 264.312642 
2653 264.276684 
2654 264.240711 
2655 264.204721 
2656 264.168715 
2657 264.132693 
2658 264.096655 
2659 264.060600 
2660 264.024530 
2661 263.988443 
2662 263.952340 
2663 263.916221 
2664 263.880085 
2665 263.843933 
2666 263.807765 
2667 263.771580 
2668 263.735379 
2669 263.699161 
2670 263.662927 
2671 263.626677 
2672 263.590410 
2673 263.554127 
2674 263.517827 
2675 263.481511 
2676 263.445178 
2677 263.408829 
2678 263.372463 
2679 263.336080 
2680 263.299681 
2681 263.263265 
2682 263.226832 
2683 263.190383 
2684 263.153917 
2685 263.117434 
2686 263.080935 
2687 263.044419 
2688 263.007886 
2689 262.971336 
2690 262.934769 
2691 262.898186 
2692 262.861585 
2693 262.824968 
2694 262.788333 
2695 262.751682 
2696 262.715014 
2697 262.678329 
2698 262.641627 
2699 262.604907 
2700 262.568171 
2701 262.531418 
2702 262.494647 
2703 262.457860 
2704 262.421055 
2705 262.384233 
2706 262.347394 
2707 262.310538 
2708 262.273664 
2709 262.236773 
2710 262.199865 
2711 262.162940 
2712 262.125997 
2713 262.089037 
2714 262.052060 
2715 262.015065 
2716 261.978053 
2717 261.941023 
2718 261.903976 
2719 261.866911 
2720 261.829829 
2721 261.792730 
2722 261.755612 
2723 261.718478 
2724 261.681325 
2725 261.644155 
2726 261.606968 
2727 261.569763 
2728 261.532540 
2729 261.495299 
2730 261.458041 
2731 261.420765 
2732 261.383471 
2733 261.346159 
2734 261.308829 
2735 261.271482 
2736 261.234117 
2737 261.196734 
2738 261.159332 
2739 261.121913 
2740 261.084476 
2741 261.047021 
2742 261.009548 
2743 260.972057 
2744 260.934548 
2745 260.897021 
2746 260.859476 
2747 260.821912 
2748 260.784331 
2749 260.746731 
2750 260.709113 
2751 260.671477 
2752 260.633822 
2753 260.596150 
2754 260.558458 
2755 260.520749 
2756 260.483021 
2757 260.445275 
2758 260.407511 
2759 260.369728 
2760 260.331926 
2761 260.294106 
2762 260.256268 
2763 260.218411 
2764 260.180536 
2765 260.142642 
2766 260.104729 
2767 260.066798 
2768 260.028848 
2769 259.990879 
2770 259.952892 
2771 259.914886 
2772 259.876861 
2773 259.838818 
2774 259.800755 
2775 259.762674 
2776 259.724574 
2777 259.686455 
2778 259.648317 
2779 259.610160 
2780 259.571985 
2781 259.533790 
2782 259.495576 
2783 259.457344 
2784 259.419092 
2785 259.380821 
2786 259.342531 
2787 259.304222 
2788 259.265893 
2789 259.227546 
2790 259.189179 
2791 259.150793 
2792 259.112388 
2793 259.073963 
2794 259.035520 
2795 258.997056 
2796 258.958574 
2797 258.920072 
2798 258.881550 
2799 258.843009 
2800 258.804449 
2801 258.765869 
2802 258.727270 
2803 258.688651 
2804 258.650012 
2805 258.611354 
2806 258.572676 
2807 258.533979 
2808 258.495261 
2809 258.456524 
2810 258.417768 
2811 258.378991 
2812 258.340195 
2813 258.301379 
2814 258.262543 
2815 258.223687 
2816 258.184811 
2817 258.145915 
2818 258.106999 
2819 258.068063 
2820 258.029107 
2821 257.990132 
2822 257.951136 
2823 257.912119 
2824 257.873083 
2825 257.834027 
2826 257.794950 
2827 257.755853 
2828 257.716736 
2829 257.677599 
2830 257.638441 
2831 257.599263 
2832 257.560064 
2833 257.520845 
2834 257.481606 
2835 257.442346 
2836 257.403066 
2837 257.363765 
2838 257.324444 
2839 257.285102 
2840 257.245739 
2841 257.206356 
2842 257.166952 
2843 257.127527 
2844 257.088082 
2845 257.048616 
2846 257.009129 
2847 256.969621 
2848 256.930093 
2849 256.890543 
2850 256.850973 
2851 256.811381 
2852 256.771769 
2853 256.732136 
2854 256.692482 
2855 256.652806 
2856 256.613110 
2857 256.573392 
2858 256.533653 
2859 256.493893 
2860 256.454112 
2861 256.414310 
2862 256.374486 
2863 256.334641 
2864 256.294775 
2865 256.254887 
2866 256.214978 
2867 256.175048 
2868 256.135095 
2869 256.095122 
2870 256.055127 
2871 256.015110 
2872 255.975072 
2873 255.935012 
2874 255.894931 
2875 255.854828 
2876 255.814703 
2877 255.774556 
2878 255.734388 
2879 255.694197 
2880 255.653985 
2881 255.613751 
2882 255.573496 
2883 255.533218 
2884 255.492918 
2885 255.452596 
2886 255.412252 
2887 255.371886 
2888 255.331498 
2889 255.291088 
2890 255.250656 
2891 255.210201 
2892 255.169724 
2893 255.129225 
2894 255.088704 
2895 255.048160 
2896 255.007594 
2897 254.967005 
2898 254.926394 
2899 254.885761 
2900 254.845105 
2901 254.804426 
2902 254.763725 
2903 254.723002 
2904 254.682255 
2905 254.641486 
2906 254.600694 
2907 254.559880 
2908 254.519043 
2909 254.478182 
2910 254.437300 
2911 254.396394 
2912 254.355465 
2913 254.314513 
2914 254.273538 
2915 254.232541 
2916 254.191520 
2917 254.150476 
2918 254.109409 
2919 254.068319 
2920 254.027205 
2921 253.986068 
2922 253.944909 
2923 253.903725 
2924 253.862519 
2925 253.821289 
2926 253.780035 
2927 253.738758 
2928 253.697458 
2929 253.656134 
2930 253.614787 
2931 253.573415 
2932 253.532021 
2933 253.490602 
2934 253.449160 
2935 253.407694 
2936 253.366205 
2937 253.324691 
2938 253.283154 
2939 253.241593 
2940 253.200008 
2941 253.158398 
2942 253.116765 
2943 253.075108 
2944 253.033427 
2945 252.991721 
2946 252.949992 
2947 252.908238 
2948 252.866460 
2949 252.824658 
2950 252.782831 
2951 252.740980 
2952 252.699105 
2953 252.657205 
2954 252.615281 
2955 252.573332 
2956 252.531359 
2957 252.489361 
2958 252.447339 
2959 252.405291 
2960 252.363220 
2961 252.321123 
2962 252.279002 
2963 252.236855 
2964 252.194684 
2965 252.152488 
2966 252.110267 
2967 252.068022 
2968 252.025751 
2969 251.983455 
2970 251.941134 
2971 251.898788 
2972 251.856416 
2973 251.814020 
2974 251.771598 
2975 251.729151 
2976 251.686678 
2977 251.644180 
2978 251.601657 
2979 251.559108 
2980 251.516534 
2981 251.473934 
2982 251.431309 
2983 251.388658 
2984 251.345981 
2985 251.303278 
2986 251.260550 
2987 251.217796 
2988 251.175016 
2989 251.132211 
2990 251.089379 
2991 251.046521 
2992 251.003638 
2993 250.960728 
2994 250.917792 
2995 250.874830 
2996 250.831842 
2997 250.788828 
2998 250.745787 
2999 250.702720 
3000 250.659627 
3001 250.616507 
3002 250.573361 
3003 250.530189 
3004 250.486990 
3005 250.443764 
3006 250.400512 
3007 250.357233 
3008 250.313927 
3009 250.270594 
3010 250.227235 
3011 250.183849 
3012 250.140436 
3013 250.096996 
3014 250.053529 
3015 250.010035 
3016 249.966514 
3017 249.922966 
3018 249.879391 
3019 249.835789 
3020 249.792159 
3021 249.748502 
3022 249.704818 
3023 249.661106 
3024 249.617367 
3025 249.573600 
3026 249.529806 
3027 249.485984 
3028 249.442135 
3029 249.398258 
3030 249.354353 
3031 249.310421 
3032 249.266460 
3033 249.222472 
3034 249.178456 
3035 249.134412 
3036 249.090340 
3037 249.046240 
3038 249.002112 
3039 248.957955 
3040 248.913771 
3041 248.869558 
3042 248.825317 
3043 248.781048 
3044 248.736750 
3045 248.692424 
3046 248.648069 
3047 248.603686 
3048 248.559274 
3049 248.514834 
3050 248.470365 
3051 248.425867 
3052 248.381340 
3053 248.336785 
3054 248.292200 
3055 248.247587 
3056 248.202945 
3057 248.158273 
3058 248.113573 
3059 248.068843 
3060 248.024085 
3061 247.979297 
3062 247.934479 
3063 247.889633 
3064 247.844757 
3065 247.799851 
3066 247.754916 
3067 247.709952 
3068 247.664958 
3069 247.619934 
3070 247.574881 
3071 247.529797 
3072 247.484684 
3073 247.439541 
3074 247.394369 
3075 247.349166 
3076 247.303933 
3077 247.258670 
3078 247.213377 
3079 247.168054 
3080 247.122700 
3081 247.077317 
3082 247.031903 
3083 246.986458 
3084 246.940983 
3085 246.895478 
3086 246.849942 
3087 246.804375 
3088 246.758778 
3089 246.713150 
3090 246.667491 
3091 246.621801 
3092 246.576080 
3093 246.530329 
3094 246.484546 
3095 246.438733 
3096 246.392888 
3097 246.347012 
3098 246.301105 
3099 246.255166 
3100 246.209196 
3101 246.163195 
3102 246.117162 
3103 246.071098 
3104 246.025002 
3105 245.978875 
3106 245.932715 
3107 245.886524 
3108 245.840302 
3109 245.794047 
3110 245.747760 
3111 245.701442 
3112 245.655091 
3113 245.608708 
3114 245.562293 
3115 245.515846 
3116 245.469367 
3117 245.422855 
3118 245.376311 
3119 245.329734 
3120 245.283125 
3121 245.236483 
3122 245.189808 
3123 245.143101 
3124 245.096361 
3125 245.049588 
3126 245.002783 
3127 244.955944 
3128 244.909072 
3129 244.862167 
3130 244.815229 
3131 244.768258 
3132 244.721254 
3133 244.674216 
3134 244.627145 
3135 244.580040 
3136 244.532902 
3137 244.485730 
3138 244.438525 
3139 244.391285 
3140 244.344013 
3141 244.296706 
3142 244.249365 
3143 244.201990 
3144 244.154581 
3145 244.107139 
3146 244.059662 
3147 244.012150 
3148 243.964605 
3149 243.917025 
3150 243.869410 
3151 243.821761 
3152 243.774078 
3153 243.726360 
3154 243.678607 
3155 243.630819 
3156 243.582997 
3157 243.535139 
3158 243.487247 
3159 243.439319 
3160 243.391357 
3161 243.343359 
3162 243.295326 
3163 243.247258 
3164 243.199154 
3165 243.151015 
3166 243.102840 
3167 243.054630 
3168 243.006384 
3169 242.958102 
3170 242.909785 
3171 242.861431 
3172 242.813042 
3173 242.764616 
3174 242.716155 
3175 242.667657 
3176 242.619123 
3177 242.570553 
3178 242.521946 
3179 242.473303 
3180 242.424624 
3181 242.375908 
3182 242.327155 
3183 242.278365 
3184 242.229539 
3185 242.180675 
3186 242.131775 
3187 242.082837 
3188 242.033863 
3189 241.984851 
3190 241.935802 
3191 241.886716 
3192 241.837592 
3193 241.788431 
3194 241.739232 
3195 241.689995 
3196 241.640721 
3197 241.591409 
3198 241.542059 
3199 241.492671 
3200 241.443245 
3201 241.393781 
3202 241.344279 
3203 241.294738 
3204 241.245160 
3205 241.195542 
3206 241.145886 
3207 241.096192 
3208 241.046459 
3209 240.996687 
3210 240.946876 
3211 240.897027 
3212 240.847138 
3213 240.797211 
3214 240.747244 
3215 240.697238 
3216 240.647192 
3217 240.597108 
3218 240.546983 
3219 240.496820 
3220 240.446616 
3221 240.396373 
3222 240.346090 
3223 240.295767 
3224 240.245404 
3225 240.195001 
3226 240.144558 
3227 240.094075 
3228 240.043551 
3229 239.992987 
3230 239.942382 
3231 239.891737 
3232 239.841051 
3233 239.790325 
3234 239.739557 
3235 239.688749 
3236 239.637900 
3237 239.587009 
3238 239.536078 
3239 239.485105 
3240 239.434090 
3241 239.383035 
3242 239.331937 
3243 239.280799 
3244 239.229618 
3245 239.178395 
3246 239.127131 
3247 239.075825 
3248 239.024476 
3249 238.973086 
3250 238.921653 
3251 238.870177 
3252 238.818660 
3253 238.767099 
3254 238.715496 
3255 238.663851 
3256 238.612162 
3257 238.560431 
3258 238.508657 
3259 238.456839 
3260 238.404978 
3261 238.353074 
3262 238.301127 
3263 238.249136 
3264 238.197101 
3265 238.145023 
3266 238.092901 
3267 238.040735 
3268 237.988525 
3269 237.936271 
3270 237.883973 
3271 237.831631 
3272 237.779244 
3273 237.726813 
3274 237.674337 
3275 237.621817 
3276 237.569251 
3277 237.516641 
3278 237.463986 
3279 237.411286 
3280 237.358541 
3281 237.305750 
3282 237.252914 
3283 237.200033 
3284 237.147105 
3285 237.094133 
3286 237.041114 
3287 236.988050 
3288 236.934939 
3289 236.881782 
3290 236.828580 
3291 236.775331 
3292 236.722035 
3293 236.668693 
3294 236.615304 
3295 236.561868 
3296 236.508386 
3297 236.454857 
3298 236.401280 
3299 236.347657 
3300 236.293986 
3301 236.240267 
3302 236.186502 
3303 236.132688 
3304 236.078827 
3305 236.024918 
3306 235.970961 
3307 235.916956 
3308 235.862902 
3309 235.808801 
3310 235.754651 
3311 235.700452 
3312 235.646205 
3313 235.591909 
3314 235.537564 
3315 235.483170 
3316 235.428727 
3317 235.374235 
3318 235.319694 
3319 235.265103 
3320 235.210462 
3321 235.155772 
3322 235.101032 
3323 235.046242 
3324 234.991402 
3325 234.936512 
3326 234.881571 
3327 234.826580 
3328 234.771539 
3329 234.716446 
3330 234.661304 
3331 234.606110 
3332 234.550865 
3333 234.495569 
3334 234.440221 
3335 234.384823 
3336 234.329373 
3337 234.273871 
3338 234.218317 
3339 234.162711 
3340 234.107054 
3341 234.051344 
3342 233.995582 
3343 233.939767 
3344 233.883900 
3345 233.827981 
3346 233.772008 
3347 233.715983 
3348 233.659904 
3349 233.603772 
3350 233.547587 
3351 233.491349 
3352 233.435056 
3353 233.378711 
3354 233.322311 
3355 233.265857 
3356 233.209349 
3357 233.152787 
3358 233.096170 
3359 233.039499 
3360 232.982773 
3361 232.925992 
3362 232.869156 
3363 232.812266 
3364 232.755320 
3365 232.698318 
3366 232.641261 
3367 232.584148 
3368 232.526980 
3369 232.469755 
3370 232.412475 
3371 232.355138 
3372 232.297745 
3373 232.240295 
3374 232.182789 
3375 232.125225 
3376 232.067605 
3377 232.009928 
3378 231.952193 
3379 231.894401 
3380 231.836551 
3381 231.778644 
3382 231.720679 
3383 231.662655 
3384 231.604574 
3385 231.546434 
3386 231.488236 
3387 231.429979 
3388 231.371663 
3389 231.313289 
3390 231.254855 
3391 231.196362 
3392 231.137810 
3393 231.079198 
3394 231.020526 
3395 230.961794 
3396 230.903003 
3397 230.844151 
3398 230.785239 
3399 230.726266 
3400 230.667232 
3401 230.608138 
3402 230.548983 
3403 230.489766 
3404 230.430488 
3405 230.371149 
3406 230.311747 
3407 230.252284 
3408 230.192759 
3409 230.133172 
3410 230.073523 
3411 230.013811 
3412 229.954036 
3413 229.894198 
3414 229.834297 
3415 229.774333 
3416 229.714306 
3417 229.654215 
3418 229.594060 
3419 229.533842 
3420 229.473559 
3421 229.413212 
3422 229.352801 
3423 229.292325 
3424 229.231784 
3425 229.171178 
3426 229.110507 
3427 229.049770 
3428 228.988968 
3429 228.928101 
3430 228.867167 
3431 228.806167 
3432 228.745101 
3433 228.683969 
3434 228.622770 
3435 228.561504 
3436 228.500171 
3437 228.438770 
3438 228.377303 
3439 228.315767 
3440 228.254164 
3441 228.192493 
3442 228.130753 
3443 228.068946 
3444 228.007069 
3445 227.945124 
3446 227.883110 
3447 227.821027 
3448 227.758874 
3449 227.696651 
3450 227.634359 
3451 227.571997 
3452 227.509565 
3453 227.447062 
3454 227.384489 
3455 227.321844 
3456 227.259129 
3457 227.196343 
3458 227.133485 
3459 227.070555 
3460 227.007553 
3461 226.944480 
3462 226.881334 
3463 226.818115 
3464 226.754824 
3465 226.691460 
3466 226.628023 
3467 226.564512 
3468 226.500928 
3469 226.437270 
3470 226.373537 
3471 226.309731 
3472 226.245850 
3473 226.181894 
3474 226.117863 
3475 226.053758 
3476 225.989576 
3477 225.925319 
3478 225.860986 
3479 225.796577 
3480 225.732092 
3481 225.667530 
3482 225.602892 
3483 225.538176 
3484 225.473383 
3485 225.408512 
3486 225.343564 
3487 225.278538 
3488 225.213433 
3489 225.148250 
3490 225.082988 
3491 225.017647 
3492 224.952227 
3493 224.886728 
3494 224.821148 
3495 224.755489 
3496 224.689750 
3497 224.623930 
3498 224.558029 
3499 224.492047 
3500 224.425984 
3501 224.359840 
3502 224.293613 
3503 224.227305 
3504 224.160914 
3505 224.094441 
3506 224.027885 
3507 223.961246 
3508 223.894523 
3509 223.827717 
3510 223.760827 
3511 223.693853 
3512 223.626794 
3513 223.559651 
3514 223.492422 
3515 223.425108 
3516 223.357709 
3517 223.290224 
3518 223.222653 
3519 223.154995 
3520 223.087250 
3521 223.019419 
3522 222.951500 
3523 222.883494 
3524 222.815400 
3525 222.747218 
3526 222.678947 
3527 222.610588 
3528 222.542139 
3529 222.473601 
3530 222.404974 
3531 222.336256 
3532 222.267449 
3533 222.198551 
3534 222.129561 
3535 222.060481 
3536 221.991310 
3537 221.922046 
3538 221.852691 
3539 221.783243 
3540 221.713702 
3541 221.644068 
3542 221.574341 
3543 221.504520 
3544 221.434605 
3545 221.364596 
3546 221.294492 
3547 221.224293 
3548 221.153999 
3549 221.083609 
3550 221.013123 
3551 220.942541 
3552 220.871862 
3553 220.801086 
3554 220.730213 
3555 220.659242 
3556 220.588172 
3557 220.517005 
3558 220.445739 
3559 220.374373 
3560 220.302909 
3561 220.231344 
3562 220.159679 
3563 220.087914 
3564 220.016047 
3565 219.944080 
3566 219.872011 
3567 219.799840 
3568 219.727566 
3569 219.655190 
3570 219.582711 
3571 219.510128 
3572 219.437441 
3573 219.364650 
3574 219.291754 
3575 219.218754 
3576 219.145648 
3577 219.072436 
3578 218.999118 
3579 218.925693 
3580 218.852161 
3581 218.778522 
3582 218.704776 
3583 218.630921 
3584 218.556957 
3585 218.482884 
3586 218.408702 
3587 218.334410 
3588 218.260008 
3589 218.185495 
3590 218.110871 
3591 218.036136 
3592 217.961289 
3593 217.886329 
3594 217.811256 
3595 217.736070 
3596 217.660771 
3597 217.585357 
3598 217.509829 
3599 217.434186 
3600 217.358427 
3601 217.282553 
3602 217.206562 
3603 217.130454 
3604 217.054229 
3605 216.977886 
3606 216.901425 
3607 216.824845 
3608 216.748147 
3609 216.671328 
3610 216.594390 
3611 216.517330 
3612 216.440150 
3613 216.362849 
3614 216.285425 
3615 216.207879 
3616 216.130209 
3617 216.052416 
3618 215.974500 
3619 215.896458 
3620 215.818292 
3621 215.740000 
3622 215.661582 
3623 215.583037 
3624 215.504366 
3625 215.425566 
3626 215.346639 
3627 215.267583 
3628 215.188397 
3629 215.109082 
3630 215.029637 
3631 214.950061 
3632 214.870353 
3633 214.790513 
3634 214.710541 
3635 214.630436 
3636 214.550197 
3637 214.469824 
3638 214.389316 
3639 214.308673 
3640 214.227894 
3641 214.146978 
3642 214.065926 
3643 213.984735 
3644 213.903407 
3645 213.821939 
3646 213.740332 
3647 213.658585 
3648 213.576697 
3649 213.494668 
3650 213.412497 
3651 213.330183 
3652 213.247726 
3653 213.165126 
3654 213.082380 
3655 212.999490 
3656 212.916454 
3657 212.833272 
3658 212.749942 
3659 212.666465 
3660 212.582839 
3661 212.499065 
3662 212.415140 
3663 212.331065 
3664 212.246839 
3665 212.162462 
3666 212.077931 
3667 211.993248 
3668 211.908411 
3669 211.823419 
3670 211.738271 
3671 211.652968 
3672 211.567508 
3673 211.481891 
3674 211.396115 
3675 211.310180 
3676 211.224086 
3677 211.137831 
3678 211.051415 
3679 210.964837 
3680 210.878096 
3681 210.791191 
3682 210.704123 
3683 210.616889 
3684 210.529489 
3685 210.441923 
3686 210.354189 
3687 210.266287 
3688 210.178215 
3689 210.089974 
3690 210.001562 
3691 209.912978 
3692 209.824222 
3693 209.735292 
3694 209.646189 
3695 209.556910 
3696 209.467455 
3697 209.377824 
3698 209.288015 
3699 209.198027 
3700 209.107860 
3701 209.017513 
3702 208.926984 
3703 208.836274 
3704 208.745380 
3705 208.654302 
3706 208.563039 
3707 208.471590 
3708 208.379954 
3709 208.288130 
3710 208.196118 
3711 208.103916 
3712 208.011523 
3713 207.918938 
3714 207.826160 
3715 207.733189 
3716 207.640022 
3717 207.546660 
3718 207.453101 
3719 207.359344 
3720 207.265388 
3721 207.171232 
3722 207.076875 
3723 206.982316 
3724 206.887553 
3725 206.792586 
3726 206.697413 
3727 206.602034 
3728 206.506447 
3729 206.410651 
3730 206.314645 
3731 206.218428 
3732 206.121998 
3733 206.025355 
3734 205.928497 
3735 205.831423 
3736 205.734132 
3737 205.636622 
3738 205.538893 
3739 205.440943 
3740 205.342771 
3741 205.244375 
3742 205.145755 
3743 205.046909 
3744 204.947836 
3745 204.848534 
3746 204.749002 
3747 204.649239 
3748 204.549243 
3749 204.449013 
3750 204.348549 
3751 204.247847 
3752 204.146907 
3753 204.045728 
3754 203.944308 
3755 203.842645 
3756 203.740739 
3757 203.638587 
3758 203.536188 
3759 203.433542 
3760 203.330645 
3761 203.227497 
3762 203.124097 
3763 203.020441 
3764 202.916530 
3765 202.812362 
3766 202.707934 
3767 202.603245 
3768 202.498294 
3769 202.393080 
3770 202.287599 
3771 202.181851 
3772 202.075834 
3773 201.969546 
3774 201.862985 
3775 201.756151 
3776 201.649040 
3777 201.541651 
3778 201.433983 
3779 201.326034 
3780 201.217801 
3781 201.109283 
3782 201.000478 
3783 200.891384 
3784 200.781999 
3785 200.672321 
3786 200.562349 
3787 200.452080 
3788 200.341513 
3789 200.230644 
3790 200.119473 
3791 200.007998 
3792 199.896215 
3793 199.784123 
3794 199.671720 
3795 199.559004 
3796 199.445972 
3797 199.332623 
3798 199.218954 
3799 199.104962 
3800 198.990647 
3801 198.876004 
3802 198.761033 
3803 198.645730 
3804 198.530093 
3805 198.414120 
3806 198.297809 
3807 198.181156 
3808 198.064160 
3809 197.946818 
3810 197.829127 
3811 197.711085 
3812 197.592689 
3813 197.473937 
3814 197.354826 
3815 197.235353 
3816 197.115515 
3817 196.995310 
3818 196.874735 
3819 196.753787 
3820 196.632463 
3821 196.510761 
3822 196.388677 
3823 196.266208 
3824 196.143352 
3825 196.020105 
3826 195.896464 
3827 195.772427 
3828 195.647989 
3829 195.523148 
3830 195.397901 
3831 195.272244 
3832 195.146174 
3833 195.019688 
3834 194.892782 
3835 194.765452 
3836 194.637696 
3837 194.509509 
3838 194.380889 
3839 194.251831 
3840 194.122332 
3841 193.992388 
3842 193.861995 
3843 193.731149 
3844 193.599847 
3845 193.468085 
3846 193.335858 
3847 193.203163 
3848 193.069996 
3849 192.936351 
3850 192.802226 
3851 192.667616 
3852 192.532516 
3853 192.396922 
3854 192.260830 
3855 192.124234 
3856 191.987132 
3857 191.849517 
3858 191.711385 
3859 191.572732 
3860 191.433553 
3861 191.293841 
3862 191.153594 
3863 191.012805 
3864 190.871469 
3865 190.729581 
3866 190.587136 
3867 190.444129 
3868 190.300553 
3869 190.156404 
3870 190.011676 
3871 189.866362 
3872 189.720458 
3873 189.573957 
3874 189.426853 
3875 189.279140 
3876 189.130813 
3877 188.981864 
3878 188.832287 
3879 188.682076 
3880 188.531225 
3881 188.379725 
3882 188.227572 
3883 188.074757 
3884 187.921273 
3885 187.767114 
3886 187.612272 
3887 187.456740 
3888 187.300510 
3889 187.143575 
3890 186.985926 
3891 186.827556 
3892 186.668456 
3893 186.508619 
3894 186.348036 
3895 186.186698 
3896 186.024598 
3897 185.861725 
3898 185.698071 
3899 185.533626 
3900 185.368383 
3901 185.202330 
3902 185.035458 
3903 184.867758 
3904 184.699219 
3905 184.529831 
3906 184.359583 
3907 184.188465 
3908 184.016467 
3909 183.843576 
3910 183.669782 
3911 183.495073 
3912 183.319437 
3913 183.142863 
3914 182.965338 
3915 182.786849 
3916 182.607384 
3917 182.426930 
3918 182.245473 
3919 182.063001 
3920 181.879498 
3921 181.694951 
3922 181.509346 
3923 181.322667 
3924 181.134900 
3925 180.946028 
3926 180.756037 
3927 180.564910 
3928 180.372630 
3929 180.179181 
3930 179.984545 
3931 179.788705 
3932 179.591642 
3933 179.393338 
3934 179.193774 
3935 178.992930 
3936 178.790787 
3937 178.587323 
3938 178.382519 
3939 178.176352 
3940 177.968801 
3941 177.759843 
3942 177.549455 
3943 177.337613 
3944 177.124293 
3945 176.909469 
3946 176.693116 
3947 176.475209 
3948 176.255718 
3949 176.034617 
3950 175.811878 
3951 175.587470 
3952 175.361363 
3953 175.133527 
3954 174.903928 
3955 174.672535 
3956 174.439313 
3957 174.204228 
3958 173.967242 
3959 173.728320 
3960 173.487423 
3961 173.244511 
3962 172.999543 
3963 172.752478 
3964 172.503273 
3965 172.251881 
3966 171.998258 
3967 171.742355 
3968 171.484123 
3969 171.223511 
3970 170.960465 
3971 170.694931 
3972 170.426852 
3973 170.156170 
3974 169.882823 
3975 169.606747 
3976 169.327879 
3977 169.046148 
3978 168.761486 
3979 168.473817 
3980 168.183066 
3981 167.889153 
3982 167.591996 
3983 167.291507 
3984 166.987598 
3985 166.680175 
3986 166.369139 
3987 166.054389 
3988 165.735818 
3989 165.413315 
3990 165.086763 
3991 164.756039 
3992 164.421016 
3993 164.081560 
3994 163.737528 
3995 163.388775 
3996 163.035142 
3997 162.676468 
3998 162.312579 
3999 161.943293 
4000 161.568418 
4001 161.187750 
4002 160.801076 
4003 160.408168 
4004 160.008784 
4005 159.602668 
4006 159.189548 
4007 158.769135 
4008 158.341119 
4009 157.905170 
4010 157.460936 
4011 157.008039 
4012 156.546072 
4013 156.074602 
4014 155.593157 
4015 155.101232 
4016 154.598280 
4017 154.083705 
4018 153.556863 
4019 153.017052 
4020 152.463503 
4021 151.895378 
4022 151.311751 
4023 150.711605 
4024 150.093815 
4025 149.457129 
4026 148.800155 
4027 148.121331 
4028 147.418902 
4029 146.690882 
4030 145.935013 
4031 145.148711 
4032 144.328999 
4033 143.472419 
4034 142.574926 
4035 141.631738 
4036 140.637145 
4037 139.584244 
4038 138.464579 
4039 137.267618 
4040 135.980005 
4041 134.584419 
4042 133.057792 
4043 131.368381 
4044 129.470650 
4045 127.295671 
4046 124.731134 
4047 121.573491 
4048 117.385241 
4049 110.857281 
4050 69.998635 
