0 331.036875 
1 331.016195 
2 330.995512 
3 330.974827 
4 330.954139 
5 330.933449 
6 330.912756 
7 330.892060 
8 330.871361 
9 330.850660 
10 330.829957 
11 330.809250 
12 330.788541 
13 330.767830 
14 330.747115 
15 330.726398 
16 330.705679 
17 330.684957 
18 330.664232 
19 330.643504 
20 330.622774 
21 330.602041 
22 330.581306 
23 330.560568 
24 330.539827 
25 330.519083 
26 330.498337 
27 330.477589 
28 330.456837 
29 330.436083 
30 330.415326 
31 330.394567 
32 330.373805 
33 330.353040 
34 330.332273 
35 330.311502 
36 330.290730 
37 330.269954 
38 330.249176 
39 330.228395 
40 330.207612 
41 330.186826 
42 330.166037 
43 330.145245 
44 330.124451 
45 330.103654 
46 330.082855 
47 330.062053 
48 330.041248 
49 330.020440 
50 329.999630 
51 329.978817 
52 329.958001 
53 329.937183 
54 329.916362 
55 329.895538 
56 329.874712 
57 329.853883 
58 329.833051 
59 329.812217 
60 329.791379 
61 329.770539 
62 329.749697 
63 329.728852 
64 329.708004 
65 329.687153 
66 329.666299 
67 329.645443 
68 329.624585 
69 329.603723 
70 329.582859 
71 329.561992 
72 329.541122 
73 329.520250 
74 329.499375 
75 329.478497 
76 329.457616 
77 329.436733 
78 329.415847 
79 329.394959 
80 329.374067 
81 329.353173 
82 329.332276 
83 329.311377 
84 329.290474 
85 329.269569 
86 329.248662 
87 329.227751 
88 329.206838 
89 329.185922 
90 329.165003 
91 329.144082 
92 329.123158 
93 329.102231 
94 329.081301 
95 329.060369 
96 329.039434 
97 329.018496 
98 328.997556 
99 328.976612 
100 328.955666 
101 328.934717 
102 328.913766 
103 328.892812 
104 328.871855 
105 328.850895 
106 328.829932 
107 328.808967 
108 328.787999 
109 328.767028 
110 328.746055 
111 328.725078 
112 328.704099 
113 328.683117 
114 328.662133 
115 328.641145 
116 328.620155 
117 328.599162 
118 328.578167 
119 328.557168 
120 328.536167 
121 328.515163 
122 328.494156 
123 328.473147 
124 328.452135 
125 328.431120 
126 328.410102 
127 328.389081 
128 328.368058 
129 328.347032 
130 328.326003 
131 328.304971 
132 328.283936 
133 328.262899 
134 328.241859 
135 328.220816 
136 328.199771 
137 328.178722 
138 328.157671 
139 328.136617 
140 328.115560 
141 328.094500 
142 328.073438 
143 328.052373 
144 328.031305 
145 328.010234 
146 327.989161 
147 327.968084 
148 327.947005 
149 327.925923 
150 327.904838 
151 327.883751 
152 327.862660 
153 327.841567 
154 327.820471 
155 327.799372 
156 327.778270 
157 327.757166 
158 327.736059 
159 327.714949 
160 327.693836 
161 327.672720 
162 327.651601 
163 327.630480 
164 327.609356 
165 327.588229 
166 327.567099 
167 327.545966 
168 327.524831 
169 327.503693 
170 327.482551 
171 327.461407 
172 327.440261 
173 327.419111 
174 327.397958 
175 327.376803 
176 327.355645 
177 327.334484 
178 327.313320 
179 327.292154 
180 327.270984 
181 327.249812 
182 327.228637 
183 327.207458 
184 327.186278 
185 327.165094 
186 327.143907 
187 327.122718 
188 327.101526 
189 327.080330 
190 327.059132 
191 327.037932 
192 327.016728 
193 326.995521 
194 326.974312 
195 326.953100 
196 326.931884 
197 326.910666 
198 326.889446 
199 326.868222 
200 326.846995 
201 326.825766 
202 326.804533 
203 326.783298 
204 326.762060 
205 326.740819 
206 326.719575 
207 326.698329 
208 326.677079 
209 326.655827 
210 326.634571 
211 326.613313 
212 326.592052 
213 326.570788 
214 326.549521 
215 326.528251 
216 326.506979 
217 326.485703 
218 326.464425 
219 326.443143 
220 326.421859 
221 326.400572 
222 326.379282 
223 326.357989 
224 326.336693 
225 326.315395 
226 326.294093 
227 326.272789 
228 326.251481 
229 326.230171 
230 326.208858 
231 326.187542 
232 326.166223 
233 326.144901 
234 326.123576 
235 326.102248 
236 326.080917 
237 326.059584 
238 326.038247 
239 326.016908 
240 325.995566 
241 325.974220 
242 325.952872 
243 325.931521 
244 325.910167 
245 325.888810 
246 325.867450 
247 325.846087 
248 325.824722 
249 325.803353 
250 325.781982 
251 325.760607 
252 325.739230 
253 325.717849 
254 325.696466 
255 325.675080 
256 325.653690 
257 325.632298 
258 325.610903 
259 325.589505 
260 325.568104 
261 325.546700 
262 325.525293 
263 325.503884 
264 325.482471 
265 325.461055 
266 325.439636 
267 325.418215 
268 325.396790 
269 325.375363 
270 325.353932 
271 325.332499 
272 325.311062 
273 325.289623 
274 325.268181 
275 325.246735 
276 325.225287 
277 325.203836 
278 325.182382 
279 325.160925 
280 325.139464 
281 325.118001 
282 325.096535 
283 325.075066 
284 325.053594 
285 325.032119 
286 325.010641 
287 324.989160 
288 324.967676 
289 324.946189 
290 324.924699 
291 324.903206 
292 324.881710 
293 324.860212 
294 324.838710 
295 324.817205 
296 324.795697 
297 324.774186 
298 324.752672 
299 324.731155 
300 324.709636 
301 324.688113 
302 324.666587 
303 324.645058 
304 324.623526 
305 324.601991 
306 324.580453 
307 324.558912 
308 324.537369 
309 324.515822 
310 324.494272 
311 324.472719 
312 324.451163 
313 324.429604 
314 324.408042 
315 324.386477 
316 324.364909 
317 324.343338 
318 324.321764 
319 324.300187 
320 324.278607 
321 324.257024 
322 324.235437 
323 324.213848 
324 324.192256 
325 324.170661 
326 324.149063 
327 324.127461 
328 324.105857 
329 324.084249 
330 324.062639 
331 324.041026 
332 324.019409 
333 323.997789 
334 323.976167 
335 323.954541 
336 323.932913 
337 323.911281 
338 323.889646 
339 323.868008 
340 323.846367 
341 323.824723 
342 323.803076 
343 323.781426 
344 323.759773 
345 323.738117 
346 323.716458 
347 323.694795 
348 323.673130 
349 323.651461 
350 323.629790 
351 323.608115 
352 323.586438 
353 323.564757 
354 323.543073 
355 323.521386 
356 323.499696 
357 323.478003 
358 323.456307 
359 323.434608 
360 323.412906 
361 323.391200 
362 323.369492 
363 323.347780 
364 323.326066 
365 323.304348 
366 323.282627 
367 323.260903 
368 323.239176 
369 323.217446 
370 323.195713 
371 323.173977 
372 323.152237 
373 323.130495 
374 323.108749 
375 323.087001 
376 323.065249 
377 323.043494 
378 323.021736 
379 322.999975 
380 322.978211 
381 322.956443 
382 322.934673 
383 322.912899 
384 322.891123 
385 322.869343 
386 322.847560 
387 322.825774 
388 322.803985 
389 322.782193 
390 322.760397 
391 322.738599 
392 322.716797 
393 322.694992 
394 322.673184 
395 322.651373 
396 322.629559 
397 322.607742 
398 322.585921 
399 322.564098 
400 322.542271 
401 322.520441 
402 322.498608 
403 322.476772 
404 322.454933 
405 322.433090 
406 322.411245 
407 322.389396 
408 322.367544 
409 322.345689 
410 322.323831 
411 322.301969 
412 322.280105 
413 322.258237 
414 322.236366 
415 322.214492 
416 322.192615 
417 322.170735 
418 322.148851 
419 322.126965 
420 322.105075 
421 322.083182 
422 322.061286 
423 322.039386 
424 322.017484 
425 321.995578 
426 321.973669 
427 321.951757 
428 321.929842 
429 321.907924 
430 321.886002 
431 321.864077 
432 321.842149 
433 321.820218 
434 321.798284 
435 321.776346 
436 321.754405 
437 321.732461 
438 321.710514 
439 321.688564 
440 321.666610 
441 321.644654 
442 321.622694 
443 321.600731 
444 321.578764 
445 321.556795 
446 321.534822 
447 321.512846 
448 321.490867 
449 321.468885 
450 321.446899 
451 321.424910 
452 321.402918 
453 321.380923 
454 321.358924 
455 321.336923 
456 321.314918 
457 321.292910 
458 321.270898 
459 321.248884 
460 321.226866 
461 321.204845 
462 321.182820 
463 321.160793 
464 321.138762 
465 321.116728 
466 321.094691 
467 321.072651 
468 321.050607 
469 321.028560 
470 321.006510 
471 320.984456 
472 320.962399 
473 320.940340 
474 320.918276 
475 320.896210 
476 320.874140 
477 320.852067 
478 320.829991 
479 320.807912 
480 320.785829 
481 320.763743 
482 320.741654 
483 320.719561 
484 320.697465 
485 320.675366 
486 320.653264 
487 320.631158 
488 320.609049 
489 320.586937 
490 320.564822 
491 320.542703 
492 320.520581 
493 320.498456 
494 320.476327 
495 320.454195 
496 320.432060 
497 320.409922 
498 320.387780 
499 320.365635 
500 320.343487 
501 320.321335 
502 320.299180 
503 320.277022 
504 320.254861 
505 320.232696 
506 320.210528 
507 320.188357 
508 320.166182 
509 320.144004 
510 320.121823 
511 320.099638 
512 320.077450 
513 320.055259 
514 320.033065 
515 320.010867 
516 319.988666 
517 319.966461 
518 319.944253 
519 319.922042 
520 319.899828 
521 319.877610 
522 319.855389 
523 319.833164 
524 319.810937 
525 319.788706 
526 319.766471 
527 319.744233 
528 319.721992 
529 319.699748 
530 319.677500 
531 319.655249 
532 319.632995 
533 319.610737 
534 319.588476 
535 319.566211 
536 319.543943 
537 319.521672 
538 319.499398 
539 319.477120 
540 319.454838 
541 319.432554 
542 319.410266 
543 319.387974 
544 319.365680 
545 319.343382 
546 319.321080 
547 319.298776 
548 319.276467 
549 319.254156 
550 319.231841 
551 319.209523 
552 319.187201 
553 319.164876 
554 319.142548 
555 319.120216 
556 319.097881 
557 319.075542 
558 319.053200 
559 319.030855 
560 319.008506 
561 318.986154 
562 318.963798 
563 318.941440 
564 318.919077 
565 318.896712 
566 318.874342 
567 318.851970 
568 318.829594 
569 318.807215 
570 318.784832 
571 318.762446 
572 318.740056 
573 318.717664 
574 318.695267 
575 318.672867 
576 318.650464 
577 318.628058 
578 318.605648 
579 318.583234 
580 318.560817 
581 318.538397 
582 318.515974 
583 318.493546 
584 318.471116 
585 318.448682 
586 318.426244 
587 318.403804 
588 318.381359 
589 318.358912 
590 318.336460 
591 318.314006 
592 318.291548 
593 318.269086 
594 318.246621 
595 318.224153 
596 318.201681 
597 318.179206 
598 318.156727 
599 318.134245 
600 318.111759 
601 318.089270 
602 318.066778 
603 318.044282 
604 318.021782 
605 317.999279 
606 317.976773 
607 317.954263 
608 317.931750 
609 317.909233 
610 317.886713 
611 317.864189 
612 317.841662 
613 317.819131 
614 317.796597 
615 317.774059 
616 317.751518 
617 317.728973 
618 317.706425 
619 317.683873 
620 317.661318 
621 317.638760 
622 317.616197 
623 317.593632 
624 317.571063 
625 317.548490 
626 317.525914 
627 317.503334 
628 317.480751 
629 317.458165 
630 317.435575 
631 317.412981 
632 317.390384 
633 317.367783 
634 317.345179 
635 317.322571 
636 317.299960 
637 317.277345 
638 317.254727 
639 317.232105 
640 317.209480 
641 317.186851 
642 317.164219 
643 317.141583 
644 317.118944 
645 317.096301 
646 317.073654 
647 317.051004 
648 317.028351 
649 317.005694 
650 316.983033 
651 316.960369 
652 316.937701 
653 316.915030 
654 316.892355 
655 316.869676 
656 316.846994 
657 316.824309 
658 316.801620 
659 316.778927 
660 316.756231 
661 316.733531 
662 316.710828 
663 316.688121 
664 316.665411 
665 316.642697 
666 316.619979 
667 316.597258 
668 316.574533 
669 316.551805 
670 316.529073 
671 316.506338 
672 316.483599 
673 316.460856 
674 316.438110 
675 316.415360 
676 316.392607 
677 316.369850 
678 316.347089 
679 316.324325 
680 316.301557 
681 316.278786 
682 316.256011 
683 316.233232 
684 316.210450 
685 316.187664 
686 316.164875 
687 316.142082 
688 316.119285 
689 316.096485 
690 316.073681 
691 316.050874 
692 316.028063 
693 316.005248 
694 315.982430 
695 315.959608 
696 315.936782 
697 315.913953 
698 315.891120 
699 315.868284 
700 315.845443 
701 315.822600 
702 315.799752 
703 315.776901 
704 315.754047 
705 315.731188 
706 315.708326 
707 315.685461 
708 315.662592 
709 315.639719 
710 315.616842 
711 315.593962 
712 315.571078 
713 315.548191 
714 315.525299 
715 315.502405 
716 315.479506 
717 315.456604 
718 315.433698 
719 315.410789 
720 315.387876 
721 315.364959 
722 315.342038 
723 315.319114 
724 315.296186 
725 315.273255 
726 315.250319 
727 315.227380 
728 315.204438 
729 315.181492 
730 315.158542 
731 315.135588 
732 315.112631 
733 315.089670 
734 315.066705 
735 315.043736 
736 315.020764 
737 314.997788 
738 314.974809 
739 314.951825 
740 314.928838 
741 314.905848 
742 314.882853 
743 314.859855 
744 314.836853 
745 314.813848 
746 314.790839 
747 314.767826 
748 314.744809 
749 314.721788 
750 314.698764 
751 314.675736 
752 314.652705 
753 314.629669 
754 314.606630 
755 314.583587 
756 314.560541 
757 314.537491 
758 314.514436 
759 314.491379 
760 314.468317 
761 314.445252 
762 314.422183 
763 314.399110 
764 314.376033 
765 314.352953 
766 314.329869 
767 314.306781 
768 314.283689 
769 314.260594 
770 314.237495 
771 314.214392 
772 314.191285 
773 314.168175 
774 314.145061 
775 314.121943 
776 314.098821 
777 314.075695 
778 314.052566 
779 314.029433 
780 314.006296 
781 313.983155 
782 313.960011 
783 313.936862 
784 313.913710 
785 313.890554 
786 313.867395 
787 313.844231 
788 313.821064 
789 313.797893 
790 313.774718 
791 313.751539 
792 313.728357 
793 313.705171 
794 313.681980 
795 313.658786 
796 313.635589 
797 313.612387 
798 313.589182 
799 313.565972 
800 313.542759 
801 313.519542 
802 313.496322 
803 313.473097 
804 313.449869 
805 313.426637 
806 313.403400 
807 313.380161 
808 313.356917 
809 313.333669 
810 313.310418 
811 313.287163 
812 313.263903 
813 313.240640 
814 313.217374 
815 313.194103 
816 313.170828 
817 313.147550 
818 313.124268 
819 313.100981 
820 313.077691 
821 313.054397 
822 313.031100 
823 313.007798 
824 312.984493 
825 312.961183 
826 312.937870 
827 312.914553 
828 312.891232 
829 312.867907 
830 312.844578 
831 312.821245 
832 312.797909 
833 312.774568 
834 312.751224 
835 312.727876 
836 312.704524 
837 312.681167 
838 312.657807 
839 312.634444 
840 312.611076 
841 312.587704 
842 312.564329 
843 312.540949 
844 312.517566 
845 312.494178 
846 312.470787 
847 312.447392 
848 312.423993 
849 312.400590 
850 312.377183 
851 312.353772 
852 312.330357 
853 312.306938 
854 312.283515 
855 312.260089 
856 312.236658 
857 312.213223 
858 312.189785 
859 312.166343 
860 312.142896 
861 312.119446 
862 312.095992 
863 312.072533 
864 312.049071 
865 312.025605 
866 312.002135 
867 311.978661 
868 311.955183 
869 311.931701 
870 311.908215 
871 311.884725 
872 311.861231 
873 311.837733 
874 311.814231 
875 311.790725 
876 311.767215 
877 311.743701 
878 311.720183 
879 311.696661 
880 311.673136 
881 311.649606 
882 311.626072 
883 311.602534 
884 311.578992 
885 311.555447 
886 311.531897 
887 311.508343 
888 311.484785 
889 311.461223 
890 311.437657 
891 311.414087 
892 311.390513 
893 311.366936 
894 311.343354 
895 311.319768 
896 311.296178 
897 311.272584 
898 311.248986 
899 311.225383 
900 311.201777 
901 311.178167 
902 311.154553 
903 311.130935 
904 311.107312 
905 311.083686 
906 311.060056 
907 311.036421 
908 311.012783 
909 310.989140 
910 310.965493 
911 310.941843 
912 310.918188 
913 310.894529 
914 310.870866 
915 310.847199 
916 310.823528 
917 310.799853 
918 310.776174 
919 310.752491 
920 310.728804 
921 310.705112 
922 310.681417 
923 310.657717 
924 310.634014 
925 310.610306 
926 310.586594 
927 310.562878 
928 310.539158 
929 310.515434 
930 310.491706 
931 310.467973 
932 310.444237 
933 310.420496 
934 310.396752 
935 310.373003 
936 310.349250 
937 310.325493 
938 310.301732 
939 310.277967 
940 310.254197 
941 310.230424 
942 310.206646 
943 310.182864 
944 310.159078 
945 310.135288 
946 310.111494 
947 310.087696 
948 310.063893 
949 310.040087 
950 310.016276 
951 309.992461 
952 309.968642 
953 309.944819 
954 309.920991 
955 309.897160 
956 309.873324 
957 309.849484 
958 309.825640 
959 309.801792 
960 309.777940 
961 309.754083 
962 309.730223 
963 309.706358 
964 309.682489 
965 309.658615 
966 309.634738 
967 309.610856 
968 309.586970 
969 309.563080 
970 309.539186 
971 309.515288 
972 309.491385 
973 309.467479 
974 309.443568 
975 309.419652 
976 309.395733 
977 309.371809 
978 309.347882 
979 309.323950 
980 309.300013 
981 309.276073 
982 309.252128 
983 309.228179 
984 309.204226 
985 309.180269 
986 309.156307 
987 309.132341 
988 309.108371 
989 309.084397 
990 309.060418 
991 309.036435 
992 309.012448 
993 308.988457 
994 308.964462 
995 308.940462 
996 308.916458 
997 308.892450 
998 308.868437 
999 308.844420 
1000 308.820399 
1001 308.796374 
1002 308.772344 
1003 308.748310 
1004 308.724272 
1005 308.700230 
1006 308.676183 
1007 308.652132 
1008 308.628077 
1009 308.604017 
1010 308.579953 
1011 308.555885 
1012 308.531813 
1013 308.507736 
1014 308.483655 
1015 308.459569 
1016 308.435480 
1017 308.411386 
1018 308.387288 
1019 308.363185 
1020 308.339078 
1021 308.314967 
1022 308.290851 
1023 308.266732 
1024 308.242608 
1025 308.218479 
1026 308.194346 
1027 308.170209 
1028 308.146068 
1029 308.121922 
1030 308.097772 
1031 308.073617 
1032 308.049458 
1033 308.025295 
1034 308.001128 
1035 307.976956 
1036 307.952780 
1037 307.928599 
1038 307.904414 
1039 307.880225 
1040 307.856031 
1041 307.831833 
1042 307.807631 
1043 307.783424 
1044 307.759213 
1045 307.734998 
1046 307.710778 
1047 307.686554 
1048 307.662325 
1049 307.638092 
1050 307.613855 
1051 307.589613 
1052 307.565367 
1053 307.541116 
1054 307.516861 
1055 307.492602 
1056 307.468338 
1057 307.444070 
1058 307.419797 
1059 307.395520 
1060 307.371239 
1061 307.346953 
1062 307.322663 
1063 307.298368 
1064 307.274069 
1065 307.249766 
1066 307.225458 
1067 307.201146 
1068 307.176829 
1069 307.152508 
1070 307.128182 
1071 307.103852 
1072 307.079517 
1073 307.055179 
1074 307.030835 
1075 307.006487 
1076 306.982135 
1077 306.957778 
1078 306.933417 
1079 306.909051 
1080 306.884681 
1081 306.860307 
1082 306.835927 
1083 306.811544 
1084 306.787156 
1085 306.762763 
1086 306.738367 
1087 306.713965 
1088 306.689559 
1089 306.665149 
1090 306.640734 
1091 306.616314 
1092 306.591891 
1093 306.567462 
1094 306.543029 
1095 306.518592 
1096 306.494150 
1097 306.469704 
1098 306.445253 
1099 306.420797 
1100 306.396337 
1101 306.371873 
1102 306.347404 
1103 306.322931 
1104 306.298453 
1105 306.273970 
1106 306.249483 
1107 306.224991 
1108 306.200495 
1109 306.175995 
1110 306.151489 
1111 306.126980 
1112 306.102465 
1113 306.077947 
1114 306.053423 
1115 306.028895 
1116 306.004363 
1117 305.979826 
1118 305.955284 
1119 305.930738 
1120 305.906187 
1121 305.881632 
1122 305.857072 
1123 305.832507 
1124 305.807938 
1125 305.783365 
1126 305.758787 
1127 305.734204 
1128 305.709616 
1129 305.685025 
1130 305.660428 
1131 305.635827 
1132 305.611221 
1133 305.586611 
1134 305.561996 
1135 305.537376 
1136 305.512752 
1137 305.488123 
1138 305.463490 
1139 305.438852 
1140 305.414209 
1141 305.389562 
1142 305.364910 
1143 305.340254 
1144 305.315592 
1145 305.290927 
1146 305.266256 
1147 305.241581 
1148 305.216901 
1149 305.192217 
1150 305.167528 
1151 305.142834 
1152 305.118136 
1153 305.093433 
1154 305.068726 
1155 305.044013 
1156 305.019296 
1157 304.994575 
1158 304.969849 
1159 304.945118 
1160 304.920382 
1161 304.895642 
1162 304.870897 
1163 304.846147 
1164 304.821393 
1165 304.796634 
1166 304.771870 
1167 304.747102 
1168 304.722328 
1169 304.697551 
1170 304.672768 
1171 304.647981 
1172 304.623189 
1173 304.598392 
1174 304.573591 
1175 304.548785 
1176 304.523974 
1177 304.499159 
1178 304.474338 
1179 304.449513 
1180 304.424684 
1181 304.399849 
1182 304.375010 
1183 304.350166 
1184 304.325318 
1185 304.300464 
1186 304.275606 
1187 304.250743 
1188 304.225876 
1189 304.201003 
1190 304.176126 
1191 304.151244 
1192 304.126357 
1193 304.101466 
1194 304.076570 
1195 304.051669 
1196 304.026763 
1197 304.001852 
1198 303.976937 
1199 303.952017 
1200 303.927092 
1201 303.902162 
1202 303.877228 
1203 303.852289 
1204 303.827345 
1205 303.802396 
1206 303.777442 
1207 303.752484 
1208 303.727520 
1209 303.702552 
1210 303.677579 
1211 303.652601 
1212 303.627619 
1213 303.602631 
1214 303.577639 
1215 303.552642 
1216 303.527640 
1217 303.502634 
1218 303.477622 
1219 303.452606 
1220 303.427584 
1221 303.402558 
1222 303.377527 
1223 303.352491 
1224 303.327451 
1225 303.302405 
1226 303.277355 
1227 303.252300 
1228 303.227240 
1229 303.202175 
1230 303.177105 
1231 303.152030 
1232 303.126950 
1233 303.101866 
1234 303.076776 
1235 303.051682 
1236 303.026583 
1237 303.001479 
1238 302.976370 
1239 302.951256 
1240 302.926137 
1241 302.901014 
1242 302.875885 
1243 302.850751 
1244 302.825613 
1245 302.800470 
1246 302.775321 
1247 302.750168 
1248 302.725010 
1249 302.699847 
1250 302.674679 
1251 302.649506 
1252 302.624328 
1253 302.599145 
1254 302.573958 
1255 302.548765 
1256 302.523567 
1257 302.498365 
1258 302.473157 
1259 302.447945 
1260 302.422727 
1261 302.397505 
1262 302.372277 
1263 302.347045 
1264 302.321807 
1265 302.296565 
1266 302.271318 
1267 302.246065 
1268 302.220808 
1269 302.195546 
1270 302.170278 
1271 302.145006 
1272 302.119729 
1273 302.094447 
1274 302.069159 
1275 302.043867 
1276 302.018570 
1277 301.993267 
1278 301.967960 
1279 301.942647 
1280 301.917330 
1281 301.892008 
1282 301.866680 
1283 301.841348 
1284 301.816010 
1285 301.790667 
1286 301.765320 
1287 301.739967 
1288 301.714609 
1289 301.689246 
1290 301.663879 
1291 301.638506 
1292 301.613128 
1293 301.587745 
1294 301.562357 
1295 301.536963 
1296 301.511565 
1297 301.486162 
1298 301.460753 
1299 301.435340 
1300 301.409921 
1301 301.384498 
1302 301.359069 
1303 301.333635 
1304 301.308196 
1305 301.282752 
1306 301.257303 
1307 301.231848 
1308 301.206389 
1309 301.180924 
1310 301.155455 
1311 301.129980 
1312 301.104500 
1313 301.079015 
1314 301.053525 
1315 301.028029 
1316 301.002529 
1317 300.977023 
1318 300.951513 
1319 300.925997 
1320 300.900476 
1321 300.874950 
1322 300.849418 
1323 300.823882 
1324 300.798340 
1325 300.772793 
1326 300.747241 
1327 300.721684 
1328 300.696122 
1329 300.670554 
1330 300.644981 
1331 300.619403 
1332 300.593820 
1333 300.568232 
1334 300.542638 
1335 300.517040 
1336 300.491436 
1337 300.465827 
1338 300.440212 
1339 300.414593 
1340 300.388968 
1341 300.363338 
1342 300.337703 
1343 300.312062 
1344 300.286417 
1345 300.260766 
1346 300.235110 
1347 300.209448 
1348 300.183782 
1349 300.158110 
1350 300.132433 
1351 300.106750 
1352 300.081063 
1353 300.055370 
1354 300.029672 
1355 300.003968 
1356 299.978260 
1357 299.952546 
1358 299.926826 
1359 299.901102 
1360 299.875372 
1361 299.849637 
1362 299.823897 
1363 299.798151 
1364 299.772400 
1365 299.746644 
1366 299.720882 
1367 299.695115 
1368 299.669343 
1369 299.643566 
1370 299.617783 
1371 299.591995 
1372 299.566201 
1373 299.540402 
1374 299.514598 
1375 299.488789 
1376 299.462974 
1377 299.437154 
1378 299.411328 
1379 299.385497 
1380 299.359661 
1381 299.333820 
1382 299.307973 
1383 299.282121 
1384 299.256263 
1385 299.230400 
1386 299.204532 
1387 299.178658 
1388 299.152779 
1389 299.126894 
1390 299.101004 
1391 299.075109 
1392 299.049208 
1393 299.023302 
1394 298.997391 
1395 298.971474 
1396 298.945552 
1397 298.919624 
1398 298.893691 
1399 298.867752 
1400 298.841808 
1401 298.815859 
1402 298.789904 
1403 298.763944 
1404 298.737978 
1405 298.712007 
1406 298.686031 
1407 298.660049 
1408 298.634061 
1409 298.608068 
1410 298.582070 
1411 298.556066 
1412 298.530057 
1413 298.504042 
1414 298.478022 
1415 298.451996 
1416 298.425965 
1417 298.399928 
1418 298.373886 
1419 298.347839 
1420 298.321786 
1421 298.295727 
1422 298.269663 
1423 298.243593 
1424 298.217518 
1425 298.191438 
1426 298.165352 
1427 298.139260 
1428 298.113163 
1429 298.087060 
1430 298.060952 
1431 298.034838 
1432 298.008719 
1433 297.982594 
1434 297.956464 
1435 297.930328 
1436 297.904186 
1437 297.878039 
1438 297.851887 
1439 297.825729 
1440 297.799565 
1441 297.773396 
1442 297.747221 
1443 297.721041 
1444 297.694855 
1445 297.668663 
1446 297.642466 
1447 297.616263 
1448 297.590055 
1449 297.563841 
1450 297.537621 
1451 297.511396 
1452 297.485166 
1453 297.458929 
1454 297.432687 
1455 297.406440 
1456 297.380186 
1457 297.353928 
1458 297.327663 
1459 297.301393 
1460 297.275117 
1461 297.248836 
1462 297.222549 
1463 297.196256 
1464 297.169958 
1465 297.143654 
1466 297.117345 
1467 297.091029 
1468 297.064708 
1469 297.038382 
1470 297.012049 
1471 296.985711 
1472 296.959368 
1473 296.933018 
1474 296.906663 
1475 296.880303 
1476 296.853936 
1477 296.827564 
1478 296.801186 
1479 296.774803 
1480 296.748414 
1481 296.722019 
1482 296.695618 
1483 296.669211 
1484 296.642799 
1485 296.616381 
1486 296.589958 
1487 296.563529 
1488 296.537093 
1489 296.510653 
1490 296.484206 
1491 296.457754 
1492 296.431296 
1493 296.404832 
1494 296.378362 
1495 296.351887 
1496 296.325406 
1497 296.298919 
1498 296.272426 
1499 296.245927 
1500 296.219423 
1501 296.192913 
1502 296.166397 
1503 296.139876 
1504 296.113348 
1505 296.086815 
1506 296.060276 
1507 296.033731 
1508 296.007180 
1509 295.980623 
1510 295.954061 
1511 295.927493 
1512 295.900919 
1513 295.874339 
1514 295.847753 
1515 295.821161 
1516 295.794564 
1517 295.767961 
1518 295.741352 
1519 295.714737 
1520 295.688116 
1521 295.661489 
1522 295.634856 
1523 295.608218 
1524 295.581573 
1525 295.554923 
1526 295.528267 
1527 295.501605 
1528 295.474937 
1529 295.448263 
1530 295.421583 
1531 295.394897 
1532 295.368206 
1533 295.341508 
1534 295.314805 
1535 295.288095 
1536 295.261380 
1537 295.234659 
1538 295.207932 
1539 295.181199 
1540 295.154460 
1541 295.127714 
1542 295.100964 
1543 295.074207 
1544 295.047444 
1545 295.020675 
1546 294.993900 
1547 294.967119 
1548 294.940332 
1549 294.913540 
1550 294.886741 
1551 294.859936 
1552 294.833125 
1553 294.806308 
1554 294.779486 
1555 294.752657 
1556 294.725822 
1557 294.698981 
1558 294.672134 
1559 294.645282 
1560 294.618423 
1561 294.591558 
1562 294.564687 
1563 294.537810 
1564 294.510927 
1565 294.484038 
1566 294.457143 
1567 294.430241 
1568 294.403334 
1569 294.376421 
1570 294.349501 
1571 294.322576 
1572 294.295644 
1573 294.268707 
1574 294.241763 
1575 294.214813 
1576 294.187857 
1577 294.160895 
1578 294.133927 
1579 294.106953 
1580 294.079972 
1581 294.052986 
1582 294.025993 
1583 293.998995 
1584 293.971990 
1585 293.944979 
1586 293.917962 
1587 293.890939 
1588 293.863909 
1589 293.836874 
1590 293.809832 
1591 293.782784 
1592 293.755730 
1593 293.728670 
1594 293.701603 
1595 293.674531 
1596 293.647452 
1597 293.620367 
1598 293.593276 
1599 293.566179 
1600 293.539075 
1601 293.511966 
1602 293.484850 
1603 293.457727 
1604 293.430599 
1605 293.403465 
1606 293.376324 
1607 293.349177 
1608 293.322024 
1609 293.294864 
1610 293.267698 
1611 293.240526 
1612 293.213348 
1613 293.186164 
1614 293.158973 
1615 293.131776 
1616 293.104573 
1617 293.077363 
1618 293.050147 
1619 293.022925 
1620 292.995697 
1621 292.968462 
1622 292.941221 
1623 292.913974 
1624 292.886720 
1625 292.859460 
1626 292.832194 
1627 292.804922 
1628 292.777643 
1629 292.750358 
1630 292.723066 
1631 292.695768 
1632 292.668464 
1633 292.641154 
1634 292.613837 
1635 292.586514 
1636 292.559184 
1637 292.531848 
1638 292.504506 
1639 292.477157 
1640 292.449802 
1641 292.422441 
1642 292.395073 
1643 292.367699 
1644 292.340318 
1645 292.312931 
1646 292.285538 
1647 292.258138 
1648 292.230732 
1649 292.203319 
1650 292.175900 
1651 292.148474 
1652 292.121042 
1653 292.093604 
1654 292.066159 
1655 292.038708 
1656 292.011250 
1657 291.983786 
1658 291.956316 
1659 291.928839 
1660 291.901355 
1661 291.873865 
1662 291.846369 
1663 291.818866 
1664 291.791356 
1665 291.763840 
1666 291.736318 
1667 291.708789 
1668 291.681254 
1669 291.653712 
1670 291.626163 
1671 291.598608 
1672 291.571047 
1673 291.543479 
1674 291.515904 
1675 291.488323 
1676 291.460736 
1677 291.433141 
1678 291.405541 
1679 291.377933 
1680 291.350320 
1681 291.322699 
1682 291.295072 
1683 291.267439 
1684 291.239799 
1685 291.212152 
1686 291.184499 
1687 291.156839 
1688 291.129172 
1689 291.101499 
1690 291.073819 
1691 291.046133 
1692 291.018440 
1693 290.990741 
1694 290.963034 
1695 290.935322 
1696 290.907602 
1697 290.879876 
1698 290.852143 
1699 290.824404 
1700 290.796658 
1701 290.768905 
1702 290.741146 
1703 290.713380 
1704 290.685607 
1705 290.657828 
1706 290.630041 
1707 290.602249 
1708 290.574449 
1709 290.546643 
1710 290.518830 
1711 290.491011 
1712 290.463184 
1713 290.435351 
1714 290.407511 
1715 290.379665 
1716 290.351812 
1717 290.323952 
1718 290.296085 
1719 290.268212 
1720 290.240331 
1721 290.212444 
1722 290.184551 
1723 290.156650 
1724 290.128743 
1725 290.100829 
1726 290.072908 
1727 290.044980 
1728 290.017046 
1729 289.989105 
1730 289.961157 
1731 289.933202 
1732 289.905240 
1733 289.877272 
1734 289.849297 
1735 289.821314 
1736 289.793326 
1737 289.765330 
1738 289.737327 
1739 289.709318 
1740 289.681301 
1741 289.653278 
1742 289.625248 
1743 289.597211 
1744 289.569167 
1745 289.541117 
1746 289.513059 
1747 289.484995 
1748 289.456923 
1749 289.428845 
1750 289.400760 
1751 289.372668 
1752 289.344569 
1753 289.316463 
1754 289.288350 
1755 289.260230 
1756 289.232103 
1757 289.203970 
1758 289.175829 
1759 289.147682 
1760 289.119527 
1761 289.091366 
1762 289.063197 
1763 289.035022 
1764 289.006839 
1765 288.978650 
1766 288.950454 
1767 288.922250 
1768 288.894040 
1769 288.865823 
1770 288.837598 
1771 288.809367 
1772 288.781128 
1773 288.752883 
1774 288.724630 
1775 288.696371 
1776 288.668104 
1777 288.639831 
1778 288.611550 
1779 288.583262 
1780 288.554968 
1781 288.526666 
1782 288.498357 
1783 288.470041 
1784 288.441718 
1785 288.413388 
1786 288.385051 
1787 288.356706 
1788 288.328355 
1789 288.299996 
1790 288.271630 
1791 288.243258 
1792 288.214878 
1793 288.186491 
1794 288.158096 
1795 288.129695 
1796 288.101287 
1797 288.072871 
1798 288.044448 
1799 288.016018 
1800 287.987581 
1801 287.959137 
1802 287.930685 
1803 287.902227 
1804 287.873761 
1805 287.845288 
1806 287.816807 
1807 287.788320 
1808 287.759825 
1809 287.731323 
1810 287.702814 
1811 287.674298 
1812 287.645774 
1813 287.617243 
1814 287.588705 
1815 287.560160 
1816 287.531607 
1817 287.503047 
1818 287.474480 
1819 287.445906 
1820 287.417324 
1821 287.388735 
1822 287.360139 
1823 287.331535 
1824 287.302924 
1825 287.274306 
1826 287.245681 
1827 287.217048 
1828 287.188408 
1829 287.159760 
1830 287.131105 
1831 287.102443 
1832 287.073774 
1833 287.045097 
1834 287.016413 
1835 286.987721 
1836 286.959022 
1837 286.930316 
1838 286.901602 
1839 286.872881 
1840 286.844152 
1841 286.815416 
1842 286.786673 
1843 286.757922 
1844 286.729164 
1845 286.700399 
1846 286.671626 
1847 286.642845 
1848 286.614057 
1849 286.585262 
1850 286.556459 
1851 286.527649 
1852 286.498831 
1853 286.470006 
1854 286.441174 
1855 286.412334 
1856 286.383486 
1857 286.354631 
1858 286.325768 
1859 286.296898 
1860 286.268021 
1861 286.239136 
1862 286.210243 
1863 286.181343 
1864 286.152435 
1865 286.123520 
1866 286.094597 
1867 286.065667 
1868 286.036729 
1869 286.007783 
1870 285.978830 
1871 285.949870 
1872 285.920902 
1873 285.891926 
1874 285.862942 
1875 285.833952 
1876 285.804953 
1877 285.775947 
1878 285.746933 
1879 285.717912 
1880 285.688883 
1881 285.659846 
1882 285.630802 
1883 285.601750 
1884 285.572690 
1885 285.543623 
1886 285.514548 
1887 285.485465 
1888 285.456375 
1889 285.427277 
1890 285.398171 
1891 285.369058 
1892 285.339937 
1893 285.310808 
1894 285.281672 
1895 285.252527 
1896 285.223376 
1897 285.194216 
1898 285.165049 
1899 285.135873 
1900 285.106690 
1901 285.077500 
1902 285.048301 
1903 285.019095 
1904 284.989881 
1905 284.960660 
1906 284.931430 
1907 284.902193 
1908 284.872948 
1909 284.843695 
1910 284.814434 
1911 284.785165 
1912 284.755889 
1913 284.726605 
1914 284.697313 
1915 284.668013 
1916 284.638705 
1917 284.609390 
1918 284.580066 
1919 284.550735 
1920 284.521396 
1921 284.492049 
1922 284.462694 
1923 284.433331 
1924 284.403960 
1925 284.374581 
1926 284.345195 
1927 284.315800 
1928 284.286398 
1929 284.256987 
1930 284.227569 
1931 284.198143 
1932 284.168709 
1933 284.139266 
1934 284.109816 
1935 284.080358 
1936 284.050892 
1937 284.021418 
1938 283.991936 
1939 283.962446 
1940 283.932948 
1941 283.903442 
1942 283.873928 
1943 283.844406 
1944 283.814876 
1945 283.785337 
1946 283.755791 
1947 283.726237 
1948 283.696675 
1949 283.667104 
1950 283.637526 
1951 283.607939 
1952 283.578345 
1953 283.548742 
1954 283.519131 
1955 283.489512 
1956 283.459885 
1957 283.430250 
1958 283.400607 
1959 283.370955 
1960 283.341296 
1961 283.311628 
1962 283.281952 
1963 283.252269 
1964 283.222576 
1965 283.192876 
1966 283.163168 
1967 283.133451 
1968 283.103726 
1969 283.073993 
1970 283.044252 
1971 283.014502 
1972 282.984745 
1973 282.954979 
1974 282.925205 
1975 282.895422 
1976 282.865632 
1977 282.835833 
1978 282.806026 
1979 282.776211 
1980 282.746387 
1981 282.716555 
1982 282.686715 
1983 282.656866 
1984 282.627010 
1985 282.597145 
1986 282.567271 
1987 282.537389 
1988 282.507499 
1989 282.477601 
1990 282.447694 
1991 282.417779 
1992 282.387856 
1993 282.357924 
1994 282.327984 
1995 282.298035 
1996 282.268079 
1997 282.238113 
1998 282.208140 
1999 282.178157 
2000 282.148167 
2001 282.118168 
2002 282.088161 
2003 282.058145 
2004 282.028121 
2005 281.998088 
2006 281.968047 
2007 281.937998 
2008 281.907940 
2009 281.877873 
2010 281.847798 
2011 281.817715 
2012 281.787623 
2013 281.757522 
2014 281.727413 
2015 281.697296 
2016 281.667170 
2017 281.637035 
2018 281.606892 
2019 281.576741 
2020 281.546580 
2021 281.516412 
2022 281.486234 
2023 281.456049 
2024 281.425854 
2025 281.395651 
2026 281.365439 
2027 281.335219 
2028 281.304990 
2029 281.274753 
2030 281.244507 
2031 281.214252 
2032 281.183989 
2033 281.153717 
2034 281.123436 
2035 281.093147 
2036 281.062849 
2037 281.032542 
2038 281.002227 
2039 280.971903 
2040 280.941570 
2041 280.911229 
2042 280.880879 
2043 280.850520 
2044 280.820152 
2045 280.789776 
2046 280.759391 
2047 280.728997 
2048 280.698594 
2049 280.668183 
2050 280.637763 
2051 280.607334 
2052 280.576896 
2053 280.546450 
2054 280.515995 
2055 280.485531 
2056 280.455058 
2057 280.424576 
2058 280.394085 
2059 280.363586 
2060 280.333078 
2061 280.302561 
2062 280.272035 
2063 280.241500 
2064 280.210956 
2065 280.180404 
2066 280.149842 
2067 280.119272 
2068 280.088692 
2069 280.058104 
2070 280.027507 
2071 279.996901 
2072 279.966286 
2073 279.935662 
2074 279.905029 
2075 279.874387 
2076 279.843736 
2077 279.813076 
2078 279.782408 
2079 279.751730 
2080 279.721043 
2081 279.690347 
2082 279.659642 
2083 279.628928 
2084 279.598205 
2085 279.567473 
2086 279.536732 
2087 279.505982 
2088 279.475223 
2089 279.444455 
2090 279.413678 
2091 279.382891 
2092 279.352096 
2093 279.321291 
2094 279.290478 
2095 279.259655 
2096 279.228823 
2097 279.197982 
2098 279.167132 
2099 279.136272 
2100 279.105404 
2101 279.074526 
2102 279.043639 
2103 279.012743 
2104 278.981838 
2105 278.950923 
2106 278.920000 
2107 278.889067 
2108 278.858125 
2109 278.827173 
2110 278.796213 
2111 278.765243 
2112 278.734264 
2113 278.703275 
2114 278.672278 
2115 278.641271 
2116 278.610254 
2117 278.579229 
2118 278.548194 
2119 278.517150 
2120 278.486097 
2121 278.455034 
2122 278.423962 
2123 278.392880 
2124 278.361789 
2125 278.330689 
2126 278.299579 
2127 278.268460 
2128 278.237332 
2129 278.206194 
2130 278.175047 
2131 278.143891 
2132 278.112724 
2133 278.081549 
2134 278.050364 
2135 278.019170 
2136 277.987966 
2137 277.956753 
2138 277.925530 
2139 277.894298 
2140 277.863056 
2141 277.831805 
2142 277.800544 
2143 277.769274 
2144 277.737994 
2145 277.706705 
2146 277.675406 
2147 277.644097 
2148 277.612779 
2149 277.581452 
2150 277.550115 
2151 277.518768 
2152 277.487412 
2153 277.456046 
2154 277.424670 
2155 277.393285 
2156 277.361890 
2157 277.330486 
2158 277.299072 
2159 277.267648 
2160 277.236215 
2161 277.204772 
2162 277.173319 
2163 277.141857 
2164 277.110385 
2165 277.078903 
2166 277.047411 
2167 277.015910 
2168 276.984399 
2169 276.952878 
2170 276.921348 
2171 276.889807 
2172 276.858257 
2173 276.826697 
2174 276.795128 
2175 276.763548 
2176 276.731959 
2177 276.700360 
2178 276.668751 
2179 276.637132 
2180 276.605504 
2181 276.573866 
2182 276.542217 
2183 276.510559 
2184 276.478891 
2185 276.447213 
2186 276.415525 
2187 276.383828 
2188 276.352120 
2189 276.320402 
2190 276.288675 
2191 276.256938 
2192 276.225190 
2193 276.193433 
2194 276.161666 
2195 276.129888 
2196 276.098101 
2197 276.066304 
2198 276.034496 
2199 276.002679 
2200 275.970852 
2201 275.939014 
2202 275.907167 
2203 275.875309 
2204 275.843442 
2205 275.811564 
2206 275.779677 
2207 275.747779 
2208 275.715871 
2209 275.683953 
2210 275.652025 
2211 275.620087 
2212 275.588138 
2213 275.556180 
2214 275.524211 
2215 275.492232 
2216 275.460243 
2217 275.428244 
2218 275.396235 
2219 275.364215 
2220 275.332185 
2221 275.300145 
2222 275.268095 
2223 275.236034 
2224 275.203963 
2225 275.171882 
2226 275.139791 
2227 275.107689 
2228 275.075577 
2229 275.043455 
2230 275.011323 
2231 274.979180 
2232 274.947027 
2233 274.914863 
2234 274.882689 
2235 274.850505 
2236 274.818311 
2237 274.786106 
2238 274.753890 
2239 274.721664 
2240 274.689428 
2241 274.657182 
2242 274.624925 
2243 274.592657 
2244 274.560379 
2245 274.528091 
2246 274.495792 
2247 274.463483 
2248 274.431163 
2249 274.398833 
2250 274.366492 
2251 274.334140 
2252 274.301779 
2253 274.269406 
2254 274.237023 
2255 274.204630 
2256 274.172226 
2257 274.139811 
2258 274.107386 
2259 274.074950 
2260 274.042503 
2261 274.010046 
2262 273.977579 
2263 273.945100 
2264 273.912611 
2265 273.880112 
2266 273.847601 
2267 273.815080 
2268 273.782549 
2269 273.750006 
2270 273.717453 
2271 273.684889 
2272 273.652315 
2273 273.619729 
2274 273.587133 
2275 273.554526 
2276 273.521909 
2277 273.489280 
2278 273.456641 
2279 273.423991 
2280 273.391330 
2281 273.358659 
2282 273.325976 
2283 273.293283 
2284 273.260579 
2285 273.227864 
2286 273.195138 
2287 273.162401 
2288 273.129653 
2289 273.096895 
2290 273.064125 
2291 273.031345 
2292 272.998553 
2293 272.965751 
2294 272.932937 
2295 272.900113 
2296 272.867278 
2297 272.834432 
2298 272.801574 
2299 272.768706 
2300 272.735826 
2301 272.702936 
2302 272.670035 
2303 272.637122 
2304 272.604199 
2305 272.571264 
2306 272.538318 
2307 272.505361 
2308 272.472393 
2309 272.439414 
2310 272.406424 
2311 272.373422 
2312 272.340410 
2313 272.307386 
2314 272.274351 
2315 272.241305 
2316 272.208248 
2317 272.175179 
2318 272.142099 
2319 272.109008 
2320 272.075906 
2321 272.042793 
2322 272.009668 
2323 271.976532 
2324 271.943385 
2325 271.910226 
2326 271.877056 
2327 271.843875 
2328 271.810682 
2329 271.777478 
2330 271.744263 
2331 271.711036 
2332 271.677798 
2333 271.644548 
2334 271.611287 
2335 271.578015 
2336 271.544731 
2337 271.511436 
2338 271.478129 
2339 271.444811 
2340 271.411482 
2341 271.378141 
2342 271.344788 
2343 271.311424 
2344 271.278048 
2345 271.244661 
2346 271.211262 
2347 271.177852 
2348 271.144430 
2349 271.110997 
2350 271.077552 
2351 271.044095 
2352 271.010627 
2353 270.977147 
2354 270.943656 
2355 270.910153 
2356 270.876638 
2357 270.843112 
2358 270.809573 
2359 270.776024 
2360 270.742462 
2361 270.708889 
2362 270.675304 
2363 270.641707 
2364 270.608098 
2365 270.574478 
2366 270.540846 
2367 270.507202 
2368 270.473547 
2369 270.439879 
2370 270.406200 
2371 270.372509 
2372 270.338806 
2373 270.305091 
2374 270.271364 
2375 270.237625 
2376 270.203875 
2377 270.170112 
2378 270.136338 
2379 270.102552 
2380 270.068753 
2381 270.034943 
2382 270.001121 
2383 269.967287 
2384 269.933440 
2385 269.899582 
2386 269.865712 
2387 269.831830 
2388 269.797935 
2389 269.764029 
2390 269.730111 
2391 269.696180 
2392 269.662237 
2393 269.628283 
2394 269.594316 
2395 269.560337 
2396 269.526345 
2397 269.492342 
2398 269.458326 
2399 269.424299 
2400 269.390259 
2401 269.356207 
2402 269.322142 
2403 269.288066 
2404 269.253977 
2405 269.219876 
2406 269.185762 
2407 269.151637 
2408 269.117499 
2409 269.083348 
2410 269.049186 
2411 269.015011 
2412 268.980823 
2413 268.946624 
2414 268.912412 
2415 268.878187 
2416 268.843950 
2417 268.809701 
2418 268.775439 
2419 268.741165 
2420 268.706878 
2421 268.672579 
2422 268.638268 
2423 268.603944 
2424 268.569607 
2425 268.535258 
2426 268.500896 
2427 268.466522 
2428 268.432135 
2429 268.397736 
2430 268.363324 
2431 268.328899 
2432 268.294462 
2433 268.260012 
2434 268.225550 
2435 268.191075 
2436 268.156587 
2437 268.122086 
2438 268.087573 
2439 268.053047 
2440 268.018509 
2441 267.983957 
2442 267.949393 
2443 267.914816 
2444 267.880227 
2445 267.845624 
2446 267.811009 
2447 267.776381 
2448 267.741740 
2449 267.707086 
2450 267.672419 
2451 267.637740 
2452 267.603047 
2453 267.568342 
2454 267.533624 
2455 267.498893 
2456 267.464149 
2457 267.429392 
2458 267.394622 
2459 267.359838 
2460 267.325042 
2461 267.290233 
2462 267.255411 
2463 267.220576 
2464 267.185728 
2465 267.150867 
2466 267.115992 
2467 267.081105 
2468 267.046204 
2469 267.011291 
2470 266.976364 
2471 266.941424 
2472 266.906471 
2473 266.871504 
2474 266.836525 
2475 266.801532 
2476 266.766526 
2477 266.731507 
2478 266.696474 
2479 266.661428 
2480 266.626369 
2481 266.591297 
2482 266.556211 
2483 266.521112 
2484 266.486000 
2485 266.450874 
2486 266.415735 
2487 266.380582 
2488 266.345416 
2489 266.310237 
2490 266.275044 
2491 266.239838 
2492 266.204618 
2493 266.169385 
2494 266.134138 
2495 266.098878 
2496 266.063605 
2497 266.028317 
2498 265.993017 
2499 265.957702 
2500 265.922374 
2501 265.887033 
2502 265.851678 
2503 265.816309 
2504 265.780926 
2505 265.745530 
2506 265.710120 
2507 265.674697 
2508 265.639260 
2509 265.603809 
2510 265.568344 
2511 265.532866 
2512 265.497374 
2513 265.461868 
2514 265.426348 
2515 265.390815 
2516 265.355267 
2517 265.319706 
2518 265.284131 
2519 265.248542 
2520 265.212939 
2521 265.177322 
2522 265.141692 
2523 265.106047 
2524 265.070389 
2525 265.034716 
2526 264.999029 
2527 264.963329 
2528 264.927614 
2529 264.891886 
2530 264.856143 
2531 264.820387 
2532 264.784616 
2533 264.748831 
2534 264.713032 
2535 264.677219 
2536 264.641392 
2537 264.605550 
2538 264.569695 
2539 264.533825 
2540 264.497941 
2541 264.462043 
2542 264.426130 
2543 264.390203 
2544 264.354262 
2545 264.318307 
2546 264.282338 
2547 264.246354 
2548 264.210355 
2549 264.174343 
2550 264.138316 
2551 264.102275 
2552 264.066219 
2553 264.030149 
2554 263.994064 
2555 263.957965 
2556 263.921851 
2557 263.885723 
2558 263.849581 
2559 263.813424 
2560 263.777252 
2561 263.741066 
2562 263.704865 
2563 263.668650 
2564 263.632420 
2565 263.596175 
2566 263.559916 
2567 263.523642 
2568 263.487354 
2569 263.451051 
2570 263.414733 
2571 263.378400 
2572 263.342053 
2573 263.305691 
2574 263.269314 
2575 263.232922 
2576 263.196515 
2577 263.160094 
2578 263.123658 
2579 263.087207 
2580 263.050741 
2581 263.014260 
2582 262.977764 
2583 262.941254 
2584 262.904728 
2585 262.868187 
2586 262.831632 
2587 262.795061 
2588 262.758476 
2589 262.721875 
2590 262.685259 
2591 262.648628 
2592 262.611983 
2593 262.575322 
2594 262.538646 
2595 262.501954 
2596 262.465248 
2597 262.428526 
2598 262.391789 
2599 262.355037 
2600 262.318270 
2601 262.281488 
2602 262.244690 
2603 262.207877 
2604 262.171049 
2605 262.134205 
2606 262.097346 
2607 262.060471 
2608 262.023582 
2609 261.986676 
2610 261.949756 
2611 261.912820 
2612 261.875868 
2613 261.838901 
2614 261.801919 
2615 261.764921 
2616 261.727908 
2617 261.690879 
2618 261.653834 
2619 261.616774 
2620 261.579698 
2621 261.542607 
2622 261.505499 
2623 261.468377 
2624 261.431238 
2625 261.394084 
2626 261.356915 
2627 261.319729 
2628 261.282528 
2629 261.245311 
2630 261.208078 
2631 261.170829 
2632 261.133565 
2633 261.096284 
2634 261.058988 
2635 261.021676 
2636 260.984348 
2637 260.947004 
2638 260.909644 
2639 260.872268 
2640 260.834876 
2641 260.797469 
2642 260.760045 
2643 260.722605 
2644 260.685149 
2645 260.647677 
2646 260.610189 
2647 260.572684 
2648 260.535164 
2649 260.497627 
2650 260.460074 
2651 260.422505 
2652 260.384920 
2653 260.347319 
2654 260.309701 
2655 260.272067 
2656 260.234417 
2657 260.196750 
2658 260.159067 
2659 260.121368 
2660 260.083652 
2661 260.045920 
2662 260.008172 
2663 259.970407 
2664 259.932625 
2665 259.894827 
2666 259.857013 
2667 259.819182 
2668 259.781334 
2669 259.743470 
2670 259.705590 
2671 259.667692 
2672 259.629778 
2673 259.591848 
2674 259.553901 
2675 259.515937 
2676 259.477956 
2677 259.439959 
2678 259.401945 
2679 259.363914 
2680 259.325866 
2681 259.287801 
2682 259.249720 
2683 259.211622 
2684 259.173507 
2685 259.135375 
2686 259.097226 
2687 259.059060 
2688 259.020877 
2689 258.982677 
2690 258.944461 
2691 258.906227 
2692 258.867976 
2693 258.829708 
2694 258.791423 
2695 258.753120 
2696 258.714801 
2697 258.676465 
2698 258.638111 
2699 258.599740 
2700 258.561352 
2701 258.522946 
2702 258.484524 
2703 258.446084 
2704 258.407627 
2705 258.369152 
2706 258.330660 
2707 258.292151 
2708 258.253624 
2709 258.215080 
2710 258.176518 
2711 258.137939 
2712 258.099342 
2713 258.060728 
2714 258.022097 
2715 257.983447 
2716 257.944781 
2717 257.906096 
2718 257.867394 
2719 257.828675 
2720 257.789937 
2721 257.751182 
2722 257.712409 
2723 257.673619 
2724 257.634810 
2725 257.595984 
2726 257.557140 
2727 257.518279 
2728 257.479399 
2729 257.440502 
2730 257.401586 
2731 257.362653 
2732 257.323702 
2733 257.284732 
2734 257.245745 
2735 257.206740 
2736 257.167716 
2737 257.128675 
2738 257.089616 
2739 257.050538 
2740 257.011442 
2741 256.972328 
2742 256.933196 
2743 256.894046 
2744 256.854877 
2745 256.815690 
2746 256.776485 
2747 256.737262 
2748 256.698020 
2749 256.658760 
2750 256.619481 
2751 256.580184 
2752 256.540869 
2753 256.501535 
2754 256.462183 
2755 256.422812 
2756 256.383423 
2757 256.344015 
2758 256.304588 
2759 256.265143 
2760 256.225680 
2761 256.186197 
2762 256.146696 
2763 256.107176 
2764 256.067638 
2765 256.028081 
2766 255.988505 
2767 255.948910 
2768 255.909296 
2769 255.869664 
2770 255.830012 
2771 255.790342 
2772 255.750653 
2773 255.710945 
2774 255.671217 
2775 255.631471 
2776 255.591706 
2777 255.551922 
2778 255.512118 
2779 255.472296 
2780 255.432454 
2781 255.392593 
2782 255.352713 
2783 255.312814 
2784 255.272896 
2785 255.232958 
2786 255.193001 
2787 255.153025 
2788 255.113029 
2789 255.073014 
2790 255.032980 
2791 254.992926 
2792 254.952852 
2793 254.912760 
2794 254.872647 
2795 254.832515 
2796 254.792364 
2797 254.752193 
2798 254.712002 
2799 254.671792 
2800 254.631562 
2801 254.591312 
2802 254.551043 
2803 254.510754 
2804 254.470445 
2805 254.430116 
2806 254.389768 
2807 254.349400 
2808 254.309011 
2809 254.268603 
2810 254.228175 
2811 254.187727 
2812 254.147259 
2813 254.106771 
2814 254.066262 
2815 254.025734 
2816 253.985186 
2817 253.944617 
2818 253.904029 
2819 253.863420 
2820 253.822791 
2821 253.782141 
2822 253.741472 
2823 253.700782 
2824 253.660071 
2825 253.619341 
2826 253.578590 
2827 253.537818 
2828 253.497026 
2829 253.456214 
2830 253.415381 
2831 253.374528 
2832 253.333654 
2833 253.292759 
2834 253.251844 
2835 253.210908 
2836 253.169951 
2837 253.128974 
2838 253.087976 
2839 253.046957 
2840 253.005918 
2841 252.964857 
2842 252.923776 
2843 252.882674 
2844 252.841551 
2845 252.800406 
2846 252.759241 
2847 252.718055 
2848 252.676848 
2849 252.635620 
2850 252.594371 
2851 252.553100 
2852 252.511809 
2853 252.470496 
2854 252.429162 
2855 252.387807 
2856 252.346430 
2857 252.305032 
2858 252.263613 
2859 252.222172 
2860 252.180710 
2861 252.139227 
2862 252.097722 
2863 252.056196 
2864 252.014648 
2865 251.973078 
2866 251.931487 
2867 251.889874 
2868 251.848240 
2869 251.806584 
2870 251.764906 
2871 251.723207 
2872 251.681485 
2873 251.639742 
2874 251.597977 
2875 251.556190 
2876 251.514381 
2877 251.472550 
2878 251.430698 
2879 251.388823 
2880 251.346926 
2881 251.305007 
2882 251.263066 
2883 251.221103 
2884 251.179118 
2885 251.137110 
2886 251.095081 
2887 251.053029 
2888 251.010954 
2889 250.968858 
2890 250.926738 
2891 250.884597 
2892 250.842433 
2893 250.800247 
2894 250.758038 
2895 250.715806 
2896 250.673552 
2897 250.631276 
2898 250.588977 
2899 250.546655 
2900 250.504310 
2901 250.461943 
2902 250.419553 
2903 250.377140 
2904 250.334704 
2905 250.292245 
2906 250.249763 
2907 250.207259 
2908 250.164731 
2909 250.122181 
2910 250.079607 
2911 250.037011 
2912 249.994391 
2913 249.951748 
2914 249.909082 
2915 249.866392 
2916 249.823679 
2917 249.780943 
2918 249.738184 
2919 249.695401 
2920 249.652595 
2921 249.609766 
2922 249.566913 
2923 249.524036 
2924 249.481136 
2925 249.438213 
2926 249.395265 
2927 249.352294 
2928 249.309300 
2929 249.266281 
2930 249.223239 
2931 249.180173 
2932 249.137083 
2933 249.093970 
2934 249.050832 
2935 249.007671 
2936 248.964485 
2937 248.921275 
2938 248.878042 
2939 248.834784 
2940 248.791502 
2941 248.748196 
2942 248.704866 
2943 248.661511 
2944 248.618133 
2945 248.574729 
2946 248.531302 
2947 248.487850 
2948 248.444374 
2949 248.400873 
2950 248.357347 
2951 248.313798 
2952 248.270223 
2953 248.226624 
2954 248.183000 
2955 248.139352 
2956 248.095678 
2957 248.051980 
2958 248.008257 
2959 247.964510 
2960 247.920737 
2961 247.876939 
2962 247.833117 
2963 247.789269 
2964 247.745396 
2965 247.701498 
2966 247.657575 
2967 247.613627 
2968 247.569654 
2969 247.525655 
2970 247.481631 
2971 247.437582 
2972 247.393507 
2973 247.349407 
2974 247.305281 
2975 247.261130 
2976 247.216954 
2977 247.172751 
2978 247.128523 
2979 247.084270 
2980 247.039991 
2981 246.995686 
2982 246.951355 
2983 246.906998 
2984 246.862615 
2985 246.818207 
2986 246.773772 
2987 246.729312 
2988 246.684825 
2989 246.640313 
2990 246.595774 
2991 246.551209 
2992 246.506618 
2993 246.462000 
2994 246.417356 
2995 246.372686 
2996 246.327990 
2997 246.283267 
2998 246.238517 
2999 246.193741 
3000 246.148939 
3001 246.104110 
3002 246.059254 
3003 246.014371 
3004 245.969462 
3005 245.924526 
3006 245.879563 
3007 245.834574 
3008 245.789557 
3009 245.744513 
3010 245.699443 
3011 245.654345 
3012 245.609220 
3013 245.564068 
3014 245.518889 
3015 245.473682 
3016 245.428449 
3017 245.383188 
3018 245.337899 
3019 245.292584 
3020 245.247240 
3021 245.201869 
3022 245.156471 
3023 245.111045 
3024 245.065592 
3025 245.020110 
3026 244.974601 
3027 244.929064 
3028 244.883500 
3029 244.837907 
3030 244.792287 
3031 244.746638 
3032 244.700962 
3033 244.655257 
3034 244.609524 
3035 244.563763 
3036 244.517974 
3037 244.472157 
3038 244.426311 
3039 244.380437 
3040 244.334535 
3041 244.288604 
3042 244.242644 
3043 244.196656 
3044 244.150640 
3045 244.104594 
3046 244.058520 
3047 244.012418 
3048 243.966286 
3049 243.920126 
3050 243.873936 
3051 243.827718 
3052 243.781471 
3053 243.735194 
3054 243.688889 
3055 243.642554 
3056 243.596191 
3057 243.549798 
3058 243.503375 
3059 243.456923 
3060 243.410442 
3061 243.363932 
3062 243.317392 
3063 243.270822 
3064 243.224223 
3065 243.177594 
3066 243.130935 
3067 243.084246 
3068 243.037528 
3069 242.990780 
3070 242.944002 
3071 242.897194 
3072 242.850356 
3073 242.803487 
3074 242.756589 
3075 242.709660 
3076 242.662701 
3077 242.615712 
3078 242.568693 
3079 242.521643 
3080 242.474562 
3081 242.427452 
3082 242.380310 
3083 242.333138 
3084 242.285935 
3085 242.238702 
3086 242.191437 
3087 242.144142 
3088 242.096816 
3089 242.049459 
3090 242.002071 
3091 241.954652 
3092 241.907201 
3093 241.859720 
3094 241.812207 
3095 241.764663 
3096 241.717088 
3097 241.669481 
3098 241.621843 
3099 241.574173 
3100 241.526472 
3101 241.478738 
3102 241.430974 
3103 241.383177 
3104 241.335349 
3105 241.287489 
3106 241.239597 
3107 241.191673 
3108 241.143716 
3109 241.095728 
3110 241.047708 
3111 240.999655 
3112 240.951570 
3113 240.903453 
3114 240.855303 
3115 240.807121 
3116 240.758906 
3117 240.710659 
3118 240.662379 
3119 240.614066 
3120 240.565721 
3121 240.517343 
3122 240.468932 
3123 240.420487 
3124 240.372010 
3125 240.323500 
3126 240.274957 
3127 240.226380 
3128 240.177771 
3129 240.129127 
3130 240.080451 
3131 240.031741 
3132 239.982998 
3133 239.934221 
3134 239.885410 
3135 239.836565 
3136 239.787687 
3137 239.738775 
3138 239.689829 
3139 239.640850 
3140 239.591836 
3141 239.542788 
3142 239.493706 
3143 239.444589 
3144 239.395439 
3145 239.346254 
3146 239.297034 
3147 239.247780 
3148 239.198492 
3149 239.149169 
3150 239.099811 
3151 239.050419 
3152 239.000992 
3153 238.951529 
3154 238.902032 
3155 238.852500 
3156 238.802933 
3157 238.753331 
3158 238.703693 
3159 238.654020 
3160 238.604312 
3161 238.554568 
3162 238.504789 
3163 238.454974 
3164 238.405124 
3165 238.355238 
3166 238.305316 
3167 238.255358 
3168 238.205365 
3169 238.155335 
3170 238.105270 
3171 238.055168 
3172 238.005030 
3173 237.954856 
3174 237.904645 
3175 237.854398 
3176 237.804114 
3177 237.753794 
3178 237.703438 
3179 237.653044 
3180 237.602614 
3181 237.552147 
3182 237.501643 
3183 237.451102 
3184 237.400524 
3185 237.349909 
3186 237.299257 
3187 237.248567 
3188 237.197840 
3189 237.147076 
3190 237.096274 
3191 237.045434 
3192 236.994557 
3193 236.943642 
3194 236.892689 
3195 236.841698 
3196 236.790669 
3197 236.739603 
3198 236.688498 
3199 236.637354 
3200 236.586173 
3201 236.534953 
3202 236.483695 
3203 236.432398 
3204 236.381063 
3205 236.329689 
3206 236.278276 
3207 236.226824 
3208 236.175334 
3209 236.123804 
3210 236.072236 
3211 236.020628 
3212 235.968981 
3213 235.917295 
3214 235.865569 
3215 235.813804 
3216 235.761999 
3217 235.710154 
3218 235.658270 
3219 235.606346 
3220 235.554382 
3221 235.502378 
3222 235.450334 
3223 235.398250 
3224 235.346126 
3225 235.293961 
3226 235.241756 
3227 235.189510 
3228 235.137224 
3229 235.084897 
3230 235.032530 
3231 234.980121 
3232 234.927672 
3233 234.875182 
3234 234.822650 
3235 234.770078 
3236 234.717464 
3237 234.664809 
3238 234.612112 
3239 234.559374 
3240 234.506594 
3241 234.453772 
3242 234.400909 
3243 234.348004 
3244 234.295057 
3245 234.242067 
3246 234.189036 
3247 234.135962 
3248 234.082846 
3249 234.029688 
3250 233.976487 
3251 233.923243 
3252 233.869957 
3253 233.816628 
3254 233.763256 
3255 233.709841 
3256 233.656383 
3257 233.602881 
3258 233.549337 
3259 233.495749 
3260 233.442118 
3261 233.388443 
3262 233.334724 
3263 233.280962 
3264 233.227155 
3265 233.173305 
3266 233.119411 
3267 233.065473 
3268 233.011490 
3269 232.957463 
3270 232.903392 
3271 232.849276 
3272 232.795116 
3273 232.740910 
3274 232.686660 
3275 232.632365 
3276 232.578025 
3277 232.523640 
3278 232.469210 
3279 232.414734 
3280 232.360213 
3281 232.305646 
3282 232.251034 
3283 232.196376 
3284 232.141672 
3285 232.086922 
3286 232.032126 
3287 231.977283 
3288 231.922395 
3289 231.867460 
3290 231.812479 
3291 231.757451 
3292 231.702377 
3293 231.647255 
3294 231.592087 
3295 231.536872 
3296 231.481609 
3297 231.426300 
3298 231.370943 
3299 231.315538 
3300 231.260086 
3301 231.204586 
3302 231.149039 
3303 231.093444 
3304 231.037800 
3305 230.982109 
3306 230.926369 
3307 230.870581 
3308 230.814745 
3309 230.758860 
3310 230.702926 
3311 230.646943 
3312 230.590912 
3313 230.534831 
3314 230.478702 
3315 230.422523 
3316 230.366295 
3317 230.310017 
3318 230.253690 
3319 230.197312 
3320 230.140886 
3321 230.084409 
3322 230.027882 
3323 229.971305 
3324 229.914677 
3325 229.857999 
3326 229.801271 
3327 229.744492 
3328 229.687662 
3329 229.630781 
3330 229.573849 
3331 229.516866 
3332 229.459831 
3333 229.402745 
3334 229.345608 
3335 229.288419 
3336 229.231178 
3337 229.173885 
3338 229.116540 
3339 229.059143 
3340 229.001694 
3341 228.944192 
3342 228.886638 
3343 228.829031 
3344 228.771371 
3345 228.713658 
3346 228.655893 
3347 228.598074 
3348 228.540201 
3349 228.482275 
3350 228.424296 
3351 228.366262 
3352 228.308175 
3353 228.250034 
3354 228.191839 
3355 228.133589 
3356 228.075285 
3357 228.016927 
3358 227.958514 
3359 227.900046 
3360 227.841523 
3361 227.782945 
3362 227.724311 
3363 227.665623 
3364 227.606878 
3365 227.548078 
3366 227.489223 
3367 227.430311 
3368 227.371343 
3369 227.312319 
3370 227.253239 
3371 227.194102 
3372 227.134909 
3373 227.075658 
3374 227.016351 
3375 226.956987 
3376 226.897565 
3377 226.838086 
3378 226.778549 
3379 226.718955 
3380 226.659303 
3381 226.599593 
3382 226.539825 
3383 226.479998 
3384 226.420113 
3385 226.360169 
3386 226.300167 
3387 226.240106 
3388 226.179985 
3389 226.119806 
3390 226.059567 
3391 225.999268 
3392 225.938910 
3393 225.878492 
3394 225.818014 
3395 225.757476 
3396 225.696878 
3397 225.636219 
3398 225.575499 
3399 225.514719 
3400 225.453877 
3401 225.392975 
3402 225.332011 
3403 225.270985 
3404 225.209899 
3405 225.148750 
3406 225.087539 
3407 225.026266 
3408 224.964931 
3409 224.903534 
3410 224.842073 
3411 224.780550 
3412 224.718964 
3413 224.657315 
3414 224.595603 
3415 224.533827 
3416 224.471987 
3417 224.410084 
3418 224.348116 
3419 224.286085 
3420 224.223989 
3421 224.161828 
3422 224.099603 
3423 224.037312 
3424 223.974957 
3425 223.912536 
3426 223.850050 
3427 223.787499 
3428 223.724881 
3429 223.662198 
3430 223.599448 
3431 223.536632 
3432 223.473749 
3433 223.410800 
3434 223.347784 
3435 223.284700 
3436 223.221549 
3437 223.158331 
3438 223.095045 
3439 223.031691 
3440 222.968269 
3441 222.904779 
3442 222.841220 
3443 222.777593 
3444 222.713897 
3445 222.650132 
3446 222.586297 
3447 222.522393 
3448 222.458419 
3449 222.394376 
3450 222.330262 
3451 222.266078 
3452 222.201824 
3453 222.137499 
3454 222.073103 
3455 222.008636 
3456 221.944097 
3457 221.879487 
3458 221.814806 
3459 221.750052 
3460 221.685226 
3461 221.620328 
3462 221.555358 
3463 221.490314 
3464 221.425198 
3465 221.360008 
3466 221.294745 
3467 221.229408 
3468 221.163998 
3469 221.098513 
3470 221.032954 
3471 220.967320 
3472 220.901612 
3473 220.835828 
3474 220.769970 
3475 220.704035 
3476 220.638026 
3477 220.571940 
3478 220.505778 
3479 220.439540 
3480 220.373225 
3481 220.306833 
3482 220.240365 
3483 220.173819 
3484 220.107195 
3485 220.040494 
3486 219.973714 
3487 219.906856 
3488 219.839920 
3489 219.772905 
3490 219.705811 
3491 219.638638 
3492 219.571385 
3493 219.504053 
3494 219.436640 
3495 219.369147 
3496 219.301574 
3497 219.233920 
3498 219.166185 
3499 219.098369 
3500 219.030471 
3501 218.962491 
3502 218.894430 
3503 218.826286 
3504 218.758059 
3505 218.689750 
3506 218.621358 
3507 218.552882 
3508 218.484322 
3509 218.415679 
3510 218.346951 
3511 218.278140 
3512 218.209243 
3513 218.140261 
3514 218.071194 
3515 218.002042 
3516 217.932804 
3517 217.863479 
3518 217.794068 
3519 217.724571 
3520 217.654987 
3521 217.585315 
3522 217.515556 
3523 217.445709 
3524 217.375774 
3525 217.305750 
3526 217.235638 
3527 217.165437 
3528 217.095147 
3529 217.024766 
3530 216.954297 
3531 216.883736 
3532 216.813086 
3533 216.742344 
3534 216.671512 
3535 216.600588 
3536 216.529572 
3537 216.458465 
3538 216.387264 
3539 216.315972 
3540 216.244586 
3541 216.173107 
3542 216.101534 
3543 216.029868 
3544 215.958107 
3545 215.886252 
3546 215.814301 
3547 215.742256 
3548 215.670115 
3549 215.597878 
3550 215.525544 
3551 215.453114 
3552 215.380588 
3553 215.307964 
3554 215.235242 
3555 215.162422 
3556 215.089504 
3557 215.016488 
3558 214.943372 
3559 214.870157 
3560 214.796843 
3561 214.723428 
3562 214.649913 
3563 214.576298 
3564 214.502581 
3565 214.428762 
3566 214.354842 
3567 214.280819 
3568 214.206694 
3569 214.132466 
3570 214.058135 
3571 213.983700 
3572 213.909161 
3573 213.834517 
3574 213.759768 
3575 213.684914 
3576 213.609955 
3577 213.534890 
3578 213.459718 
3579 213.384439 
3580 213.309053 
3581 213.233560 
3582 213.157958 
3583 213.082248 
3584 213.006429 
3585 212.930501 
3586 212.854464 
3587 212.778316 
3588 212.702058 
3589 212.625689 
3590 212.549209 
3591 212.472617 
3592 212.395912 
3593 212.319096 
3594 212.242166 
3595 212.165123 
3596 212.087966 
3597 212.010694 
3598 211.933308 
3599 211.855806 
3600 211.778189 
3601 211.700456 
3602 211.622606 
3603 211.544640 
3604 211.466555 
3605 211.388353 
3606 211.310033 
3607 211.231593 
3608 211.153035 
3609 211.074356 
3610 210.995557 
3611 210.916638 
3612 210.837597 
3613 210.758434 
3614 210.679149 
3615 210.599742 
3616 210.520211 
3617 210.440557 
3618 210.360778 
3619 210.280875 
3620 210.200846 
3621 210.120692 
3622 210.040412 
3623 209.960005 
3624 209.879470 
3625 209.798808 
3626 209.718017 
3627 209.637098 
3628 209.556049 
3629 209.474870 
3630 209.393561 
3631 209.312121 
3632 209.230549 
3633 209.148845 
3634 209.067009 
3635 208.985039 
3636 208.902936 
3637 208.820698 
3638 208.738325 
3639 208.655817 
3640 208.573173 
3641 208.490392 
3642 208.407474 
3643 208.324418 
3644 208.241223 
3645 208.157890 
3646 208.074417 
3647 207.990804 
3648 207.907050 
3649 207.823154 
3650 207.739117 
3651 207.654936 
3652 207.570613 
3653 207.486145 
3654 207.401533 
3655 207.316776 
3656 207.231873 
3657 207.146823 
3658 207.061626 
3659 206.976281 
3660 206.890788 
3661 206.805146 
3662 206.719354 
3663 206.633411 
3664 206.547317 
3665 206.461071 
3666 206.374673 
3667 206.288121 
3668 206.201416 
3669 206.114556 
3670 206.027540 
3671 205.940368 
3672 205.853040 
3673 205.765554 
3674 205.677909 
3675 205.590106 
3676 205.502143 
3677 205.414019 
3678 205.325734 
3679 205.237287 
3680 205.148677 
3681 205.059904 
3682 204.970966 
3683 204.881863 
3684 204.792594 
3685 204.703159 
3686 204.613556 
3687 204.523784 
3688 204.433844 
3689 204.343733 
3690 204.253452 
3691 204.162999 
3692 204.072374 
3693 203.981575 
3694 203.890602 
3695 203.799454 
3696 203.708130 
3697 203.616630 
3698 203.524951 
3699 203.433095 
3700 203.341059 
3701 203.248842 
3702 203.156444 
3703 203.063865 
3704 202.971102 
3705 202.878155 
3706 202.785023 
3707 202.691705 
3708 202.598201 
3709 202.504508 
3710 202.410627 
3711 202.316556 
3712 202.222295 
3713 202.127841 
3714 202.033195 
3715 201.938356 
3716 201.843321 
3717 201.748091 
3718 201.652664 
3719 201.557039 
3720 201.461215 
3721 201.365192 
3722 201.268967 
3723 201.172540 
3724 201.075910 
3725 200.979076 
3726 200.882037 
3727 200.784790 
3728 200.687337 
3729 200.589674 
3730 200.491802 
3731 200.393719 
3732 200.295423 
3733 200.196914 
3734 200.098190 
3735 199.999251 
3736 199.900095 
3737 199.800720 
3738 199.701126 
3739 199.601312 
3740 199.501275 
3741 199.401016 
3742 199.300531 
3743 199.199822 
3744 199.098885 
3745 198.997720 
3746 198.896325 
3747 198.794699 
3748 198.692841 
3749 198.590750 
3750 198.488423 
3751 198.385860 
3752 198.283059 
3753 198.180019 
3754 198.076738 
3755 197.973216 
3756 197.869450 
3757 197.765438 
3758 197.661181 
3759 197.556675 
3760 197.451920 
3761 197.346915 
3762 197.241656 
3763 197.136144 
3764 197.030376 
3765 196.924351 
3766 196.818067 
3767 196.711523 
3768 196.604717 
3769 196.497648 
3770 196.390313 
3771 196.282711 
3772 196.174841 
3773 196.066701 
3774 195.958288 
3775 195.849602 
3776 195.740640 
3777 195.631401 
3778 195.521882 
3779 195.412083 
3780 195.302001 
3781 195.191635 
3782 195.080982 
3783 194.970041 
3784 194.858810 
3785 194.747286 
3786 194.635469 
3787 194.523355 
3788 194.410944 
3789 194.298232 
3790 194.185219 
3791 194.071901 
3792 193.958277 
3793 193.844345 
3794 193.730102 
3795 193.615547 
3796 193.500677 
3797 193.385490 
3798 193.269984 
3799 193.154157 
3800 193.038006 
3801 192.921530 
3802 192.804725 
3803 192.687590 
3804 192.570121 
3805 192.452318 
3806 192.334177 
3807 192.215695 
3808 192.096871 
3809 191.977702 
3810 191.858186 
3811 191.738319 
3812 191.618099 
3813 191.497524 
3814 191.376591 
3815 191.255297 
3816 191.133640 
3817 191.011617 
3818 190.889224 
3819 190.766460 
3820 190.643322 
3821 190.519805 
3822 190.395909 
3823 190.271629 
3824 190.146962 
3825 190.021907 
3826 189.896458 
3827 189.770615 
3828 189.644372 
3829 189.517728 
3830 189.390679 
3831 189.263221 
3832 189.135352 
3833 189.007068 
3834 188.878366 
3835 188.749242 
3836 188.619692 
3837 188.489714 
3838 188.359304 
3839 188.228458 
3840 188.097172 
3841 187.965443 
3842 187.833266 
3843 187.700639 
3844 187.567558 
3845 187.434018 
3846 187.300015 
3847 187.165545 
3848 187.030605 
3849 186.895191 
3850 186.759297 
3851 186.622920 
3852 186.486056 
3853 186.348700 
3854 186.210847 
3855 186.072494 
3856 185.933636 
3857 185.794267 
3858 185.654384 
3859 185.513982 
3860 185.373055 
3861 185.231600 
3862 185.089610 
3863 184.947082 
3864 184.804009 
3865 184.660387 
3866 184.516210 
3867 184.371473 
3868 184.226171 
3869 184.080298 
3870 183.933849 
3871 183.786817 
3872 183.639198 
3873 183.490984 
3874 183.342171 
3875 183.192752 
3876 183.042721 
3877 182.892072 
3878 182.740799 
3879 182.588894 
3880 182.436352 
3881 182.283166 
3882 182.129329 
3883 181.974834 
3884 181.819675 
3885 181.663843 
3886 181.507332 
3887 181.350135 
3888 181.192243 
3889 181.033651 
3890 180.874348 
3891 180.714329 
3892 180.553584 
3893 180.392106 
3894 180.229886 
3895 180.066916 
3896 179.903187 
3897 179.738691 
3898 179.573419 
3899 179.407360 
3900 179.240507 
3901 179.072850 
3902 178.904379 
3903 178.735085 
3904 178.564957 
3905 178.393985 
3906 178.222159 
3907 178.049469 
3908 177.875903 
3909 177.701451 
3910 177.526102 
3911 177.349843 
3912 177.172664 
3913 176.994552 
3914 176.815496 
3915 176.635483 
3916 176.454500 
3917 176.272535 
3918 176.089574 
3919 175.905604 
3920 175.720612 
3921 175.534582 
3922 175.347501 
3923 175.159355 
3924 174.970128 
3925 174.779804 
3926 174.588369 
3927 174.395807 
3928 174.202100 
3929 174.007233 
3930 173.811187 
3931 173.613947 
3932 173.415493 
3933 173.215807 
3934 173.014871 
3935 172.812665 
3936 172.609170 
3937 172.404365 
3938 172.198229 
3939 171.990743 
3940 171.781882 
3941 171.571627 
3942 171.359952 
3943 171.146836 
3944 170.932254 
3945 170.716181 
3946 170.498592 
3947 170.279460 
3948 170.058760 
3949 169.836463 
3950 169.612541 
3951 169.386965 
3952 169.159706 
3953 168.930732 
3954 168.700011 
3955 168.467512 
3956 168.233201 
3957 167.997043 
3958 167.759002 
3959 167.519042 
3960 167.277126 
3961 167.033213 
3962 166.787265 
3963 166.539239 
3964 166.289092 
3965 166.036781 
3966 165.782260 
3967 165.525481 
3968 165.266396 
3969 165.004954 
3970 164.741103 
3971 164.474789 
3972 164.205956 
3973 163.934546 
3974 163.660498 
3975 163.383751 
3976 163.104239 
3977 162.821896 
3978 162.536652 
3979 162.248434 
3980 161.957166 
3981 161.662771 
3982 161.365167 
3983 161.064269 
3984 160.759988 
3985 160.452232 
3986 160.140905 
3987 159.825906 
3988 159.507130 
3989 159.184467 
3990 158.857802 
3991 158.527015 
3992 158.191979 
3993 157.852563 
3994 157.508628 
3995 157.160027 
3996 156.806608 
3997 156.448209 
3998 156.084660 
3999 155.715783 
4000 155.341387 
4001 154.961273 
4002 154.575231 
4003 154.183035 
4004 153.784449 
4005 153.379220 
4006 152.967082 
4007 152.547749 
4008 152.120917 
4009 151.686261 
4010 151.243436 
4011 150.792069 
4012 150.331762 
4013 149.862087 
4014 149.382583 
4015 148.892752 
4016 148.392056 
4017 147.879912 
4018 147.355686 
4019 146.818689 
4020 146.268167 
4021 145.703295 
4022 145.123167 
4023 144.526784 
4024 143.913041 
4025 143.280713 
4026 142.628432 
4027 141.954669 
4028 141.257702 
4029 140.535585 
4030 139.786105 
4031 139.006731 
4032 138.194547 
4033 137.346168 
4034 136.457634 
4035 135.524264 
4036 134.540474 
4037 133.499511 
4038 132.393107 
4039 131.210970 
4040 129.940051 
4041 128.563435 
4042 127.058605 
4043 125.394590 
4044 123.526994 
4045 121.388652 
4046 118.870217 
4047 115.773712 
4048 111.674178 
4049 105.302855 
4050 69.998430 
