0 320.648571 
1 320.635636 
2 320.622698 
3 320.609759 
4 320.596817 
5 320.583873 
6 320.570926 
7 320.557978 
8 320.545027 
9 320.532075 
10 320.519120 
11 320.506163 
12 320.493204 
13 320.480242 
14 320.467279 
15 320.454313 
16 320.441345 
17 320.428375 
18 320.415403 
19 320.402428 
20 320.389452 
21 320.376473 
22 320.363492 
23 320.350509 
24 320.337524 
25 320.324536 
26 320.311546 
27 320.298555 
28 320.285561 
29 320.272564 
30 320.259566 
31 320.246565 
32 320.233563 
33 320.220558 
34 320.207550 
35 320.194541 
36 320.181530 
37 320.168516 
38 320.155500 
39 320.142482 
40 320.129462 
41 320.116439 
42 320.103414 
43 320.090387 
44 320.077358 
45 320.064327 
46 320.051294 
47 320.038258 
48 320.025220 
49 320.012180 
50 319.999138 
51 319.986093 
52 319.973046 
53 319.959998 
54 319.946946 
55 319.933893 
56 319.920838 
57 319.907780 
58 319.894720 
59 319.881658 
60 319.868593 
61 319.855527 
62 319.842458 
63 319.829387 
64 319.816314 
65 319.803238 
66 319.790160 
67 319.777081 
68 319.763998 
69 319.750914 
70 319.737827 
71 319.724739 
72 319.711648 
73 319.698554 
74 319.685459 
75 319.672361 
76 319.659261 
77 319.646159 
78 319.633055 
79 319.619948 
80 319.606839 
81 319.593728 
82 319.580615 
83 319.567499 
84 319.554381 
85 319.541261 
86 319.528139 
87 319.515015 
88 319.501888 
89 319.488759 
90 319.475628 
91 319.462494 
92 319.449358 
93 319.436220 
94 319.423080 
95 319.409938 
96 319.396793 
97 319.383646 
98 319.370497 
99 319.357345 
100 319.344191 
101 319.331035 
102 319.317877 
103 319.304717 
104 319.291554 
105 319.278389 
106 319.265222 
107 319.252052 
108 319.238880 
109 319.225706 
110 319.212530 
111 319.199351 
112 319.186170 
113 319.172987 
114 319.159802 
115 319.146614 
116 319.133424 
117 319.120232 
118 319.107038 
119 319.093841 
120 319.080642 
121 319.067441 
122 319.054237 
123 319.041031 
124 319.027823 
125 319.014613 
126 319.001400 
127 318.988185 
128 318.974968 
129 318.961749 
130 318.948527 
131 318.935303 
132 318.922076 
133 318.908848 
134 318.895617 
135 318.882383 
136 318.869148 
137 318.855910 
138 318.842670 
139 318.829428 
140 318.816183 
141 318.802936 
142 318.789687 
143 318.776435 
144 318.763181 
145 318.749925 
146 318.736667 
147 318.723406 
148 318.710143 
149 318.696877 
150 318.683610 
151 318.670340 
152 318.657068 
153 318.643793 
154 318.630516 
155 318.617237 
156 318.603955 
157 318.590672 
158 318.577385 
159 318.564097 
160 318.550806 
161 318.537513 
162 318.524218 
163 318.510920 
164 318.497620 
165 318.484318 
166 318.471013 
167 318.457706 
168 318.444397 
169 318.431085 
170 318.417771 
171 318.404455 
172 318.391136 
173 318.377815 
174 318.364492 
175 318.351166 
176 318.337838 
177 318.324508 
178 318.311175 
179 318.297840 
180 318.284503 
181 318.271164 
182 318.257822 
183 318.244477 
184 318.231131 
185 318.217782 
186 318.204430 
187 318.191077 
188 318.177721 
189 318.164362 
190 318.151002 
191 318.137639 
192 318.124273 
193 318.110906 
194 318.097536 
195 318.084163 
196 318.070788 
197 318.057411 
198 318.044032 
199 318.030650 
200 318.017266 
201 318.003879 
202 317.990490 
203 317.977099 
204 317.963705 
205 317.950309 
206 317.936911 
207 317.923510 
208 317.910107 
209 317.896702 
210 317.883294 
211 317.869884 
212 317.856471 
213 317.843056 
214 317.829639 
215 317.816219 
216 317.802797 
217 317.789373 
218 317.775946 
219 317.762517 
220 317.749085 
221 317.735651 
222 317.722215 
223 317.708776 
224 317.695335 
225 317.681892 
226 317.668446 
227 317.654998 
228 317.641547 
229 317.628094 
230 317.614639 
231 317.601181 
232 317.587721 
233 317.574258 
234 317.560793 
235 317.547326 
236 317.533856 
237 317.520384 
238 317.506909 
239 317.493432 
240 317.479953 
241 317.466471 
242 317.452987 
243 317.439501 
244 317.426012 
245 317.412520 
246 317.399027 
247 317.385530 
248 317.372032 
249 317.358531 
250 317.345027 
251 317.331522 
252 317.318013 
253 317.304503 
254 317.290990 
255 317.277474 
256 317.263956 
257 317.250436 
258 317.236913 
259 317.223388 
260 317.209861 
261 317.196331 
262 317.182798 
263 317.169263 
264 317.155726 
265 317.142186 
266 317.128644 
267 317.115100 
268 317.101553 
269 317.088003 
270 317.074451 
271 317.060897 
272 317.047340 
273 317.033781 
274 317.020220 
275 317.006655 
276 316.993089 
277 316.979520 
278 316.965949 
279 316.952375 
280 316.938799 
281 316.925220 
282 316.911639 
283 316.898055 
284 316.884469 
285 316.870881 
286 316.857290 
287 316.843696 
288 316.830100 
289 316.816502 
290 316.802901 
291 316.789298 
292 316.775692 
293 316.762084 
294 316.748474 
295 316.734861 
296 316.721245 
297 316.707627 
298 316.694007 
299 316.680384 
300 316.666758 
301 316.653131 
302 316.639500 
303 316.625867 
304 316.612232 
305 316.598594 
306 316.584954 
307 316.571312 
308 316.557666 
309 316.544019 
310 316.530369 
311 316.516716 
312 316.503061 
313 316.489403 
314 316.475743 
315 316.462081 
316 316.448416 
317 316.434748 
318 316.421078 
319 316.407406 
320 316.393731 
321 316.380053 
322 316.366373 
323 316.352691 
324 316.339006 
325 316.325318 
326 316.311628 
327 316.297936 
328 316.284241 
329 316.270544 
330 316.256844 
331 316.243141 
332 316.229436 
333 316.215729 
334 316.202019 
335 316.188306 
336 316.174591 
337 316.160874 
338 316.147154 
339 316.133431 
340 316.119706 
341 316.105979 
342 316.092248 
343 316.078516 
344 316.064781 
345 316.051043 
346 316.037303 
347 316.023560 
348 316.009815 
349 315.996067 
350 315.982317 
351 315.968564 
352 315.954809 
353 315.941051 
354 315.927291 
355 315.913528 
356 315.899762 
357 315.885994 
358 315.872224 
359 315.858451 
360 315.844675 
361 315.830897 
362 315.817117 
363 315.803333 
364 315.789548 
365 315.775759 
366 315.761968 
367 315.748175 
368 315.734379 
369 315.720581 
370 315.706780 
371 315.692976 
372 315.679170 
373 315.665361 
374 315.651550 
375 315.637736 
376 315.623920 
377 315.610101 
378 315.596279 
379 315.582455 
380 315.568629 
381 315.554800 
382 315.540968 
383 315.527134 
384 315.513297 
385 315.499457 
386 315.485615 
387 315.471771 
388 315.457923 
389 315.444074 
390 315.430221 
391 315.416367 
392 315.402509 
393 315.388649 
394 315.374787 
395 315.360921 
396 315.347054 
397 315.333183 
398 315.319310 
399 315.305435 
400 315.291557 
401 315.277676 
402 315.263793 
403 315.249907 
404 315.236018 
405 315.222127 
406 315.208234 
407 315.194337 
408 315.180438 
409 315.166537 
410 315.152633 
411 315.138726 
412 315.124817 
413 315.110905 
414 315.096991 
415 315.083074 
416 315.069154 
417 315.055232 
418 315.041307 
419 315.027379 
420 315.013449 
421 314.999516 
422 314.985581 
423 314.971643 
424 314.957702 
425 314.943759 
426 314.929813 
427 314.915865 
428 314.901914 
429 314.887960 
430 314.874004 
431 314.860045 
432 314.846083 
433 314.832119 
434 314.818152 
435 314.804183 
436 314.790211 
437 314.776236 
438 314.762259 
439 314.748279 
440 314.734296 
441 314.720311 
442 314.706323 
443 314.692332 
444 314.678339 
445 314.664343 
446 314.650345 
447 314.636344 
448 314.622340 
449 314.608333 
450 314.594324 
451 314.580313 
452 314.566298 
453 314.552281 
454 314.538262 
455 314.524239 
456 314.510214 
457 314.496187 
458 314.482156 
459 314.468123 
460 314.454088 
461 314.440049 
462 314.426008 
463 314.411965 
464 314.397918 
465 314.383869 
466 314.369818 
467 314.355763 
468 314.341706 
469 314.327647 
470 314.313584 
471 314.299519 
472 314.285451 
473 314.271381 
474 314.257308 
475 314.243232 
476 314.229154 
477 314.215073 
478 314.200989 
479 314.186902 
480 314.172813 
481 314.158721 
482 314.144627 
483 314.130529 
484 314.116429 
485 314.102327 
486 314.088221 
487 314.074113 
488 314.060002 
489 314.045889 
490 314.031773 
491 314.017654 
492 314.003532 
493 313.989408 
494 313.975281 
495 313.961151 
496 313.947019 
497 313.932884 
498 313.918746 
499 313.904605 
500 313.890462 
501 313.876316 
502 313.862167 
503 313.848016 
504 313.833862 
505 313.819705 
506 313.805545 
507 313.791383 
508 313.777218 
509 313.763050 
510 313.748880 
511 313.734706 
512 313.720530 
513 313.706352 
514 313.692170 
515 313.677986 
516 313.663799 
517 313.649610 
518 313.635417 
519 313.621222 
520 313.607024 
521 313.592823 
522 313.578620 
523 313.564414 
524 313.550205 
525 313.535993 
526 313.521779 
527 313.507562 
528 313.493342 
529 313.479119 
530 313.464894 
531 313.450666 
532 313.436435 
533 313.422201 
534 313.407965 
535 313.393726 
536 313.379484 
537 313.365239 
538 313.350992 
539 313.336741 
540 313.322488 
541 313.308232 
542 313.293974 
543 313.279712 
544 313.265448 
545 313.251181 
546 313.236912 
547 313.222639 
548 313.208364 
549 313.194086 
550 313.179805 
551 313.165522 
552 313.151235 
553 313.136946 
554 313.122654 
555 313.108359 
556 313.094062 
557 313.079761 
558 313.065458 
559 313.051152 
560 313.036843 
561 313.022532 
562 313.008218 
563 312.993900 
564 312.979580 
565 312.965258 
566 312.950932 
567 312.936604 
568 312.922273 
569 312.907939 
570 312.893602 
571 312.879262 
572 312.864920 
573 312.850574 
574 312.836226 
575 312.821875 
576 312.807522 
577 312.793165 
578 312.778806 
579 312.764444 
580 312.750079 
581 312.735711 
582 312.721340 
583 312.706967 
584 312.692590 
585 312.678211 
586 312.663829 
587 312.649444 
588 312.635057 
589 312.620666 
590 312.606273 
591 312.591876 
592 312.577477 
593 312.563075 
594 312.548671 
595 312.534263 
596 312.519853 
597 312.505439 
598 312.491023 
599 312.476604 
600 312.462182 
601 312.447758 
602 312.433330 
603 312.418900 
604 312.404466 
605 312.390030 
606 312.375591 
607 312.361149 
608 312.346704 
609 312.332257 
610 312.317806 
611 312.303353 
612 312.288897 
613 312.274438 
614 312.259976 
615 312.245511 
616 312.231043 
617 312.216572 
618 312.202099 
619 312.187622 
620 312.173143 
621 312.158661 
622 312.144176 
623 312.129688 
624 312.115197 
625 312.100703 
626 312.086207 
627 312.071707 
628 312.057205 
629 312.042700 
630 312.028191 
631 312.013680 
632 311.999166 
633 311.984649 
634 311.970129 
635 311.955607 
636 311.941081 
637 311.926552 
638 311.912021 
639 311.897487 
640 311.882949 
641 311.868409 
642 311.853866 
643 311.839320 
644 311.824771 
645 311.810219 
646 311.795664 
647 311.781107 
648 311.766546 
649 311.751982 
650 311.737416 
651 311.722846 
652 311.708274 
653 311.693699 
654 311.679120 
655 311.664539 
656 311.649955 
657 311.635368 
658 311.620778 
659 311.606185 
660 311.591589 
661 311.576990 
662 311.562388 
663 311.547784 
664 311.533176 
665 311.518565 
666 311.503952 
667 311.489335 
668 311.474715 
669 311.460093 
670 311.445468 
671 311.430839 
672 311.416208 
673 311.401573 
674 311.386936 
675 311.372296 
676 311.357653 
677 311.343006 
678 311.328357 
679 311.313705 
680 311.299050 
681 311.284392 
682 311.269731 
683 311.255067 
684 311.240400 
685 311.225730 
686 311.211057 
687 311.196381 
688 311.181702 
689 311.167020 
690 311.152335 
691 311.137647 
692 311.122956 
693 311.108262 
694 311.093565 
695 311.078865 
696 311.064162 
697 311.049456 
698 311.034747 
699 311.020035 
700 311.005320 
701 310.990602 
702 310.975881 
703 310.961157 
704 310.946430 
705 310.931700 
706 310.916967 
707 310.902231 
708 310.887492 
709 310.872750 
710 310.858004 
711 310.843256 
712 310.828505 
713 310.813751 
714 310.798994 
715 310.784233 
716 310.769470 
717 310.754704 
718 310.739934 
719 310.725162 
720 310.710386 
721 310.695608 
722 310.680826 
723 310.666042 
724 310.651254 
725 310.636464 
726 310.621670 
727 310.606873 
728 310.592073 
729 310.577270 
730 310.562464 
731 310.547655 
732 310.532843 
733 310.518028 
734 310.503210 
735 310.488389 
736 310.473565 
737 310.458737 
738 310.443907 
739 310.429073 
740 310.414237 
741 310.399397 
742 310.384554 
743 310.369709 
744 310.354860 
745 310.340008 
746 310.325153 
747 310.310295 
748 310.295434 
749 310.280569 
750 310.265702 
751 310.250831 
752 310.235958 
753 310.221081 
754 310.206202 
755 310.191319 
756 310.176433 
757 310.161544 
758 310.146652 
759 310.131756 
760 310.116858 
761 310.101957 
762 310.087052 
763 310.072144 
764 310.057234 
765 310.042320 
766 310.027403 
767 310.012483 
768 309.997559 
769 309.982633 
770 309.967704 
771 309.952771 
772 309.937835 
773 309.922897 
774 309.907955 
775 309.893009 
776 309.878061 
777 309.863110 
778 309.848155 
779 309.833198 
780 309.818237 
781 309.803273 
782 309.788306 
783 309.773336 
784 309.758363 
785 309.743386 
786 309.728407 
787 309.713424 
788 309.698438 
789 309.683449 
790 309.668457 
791 309.653461 
792 309.638463 
793 309.623461 
794 309.608456 
795 309.593448 
796 309.578437 
797 309.563423 
798 309.548405 
799 309.533384 
800 309.518360 
801 309.503333 
802 309.488303 
803 309.473270 
804 309.458233 
805 309.443194 
806 309.428151 
807 309.413105 
808 309.398055 
809 309.383003 
810 309.367947 
811 309.352888 
812 309.337826 
813 309.322761 
814 309.307693 
815 309.292621 
816 309.277546 
817 309.262468 
818 309.247387 
819 309.232302 
820 309.217215 
821 309.202124 
822 309.187030 
823 309.171932 
824 309.156832 
825 309.141728 
826 309.126621 
827 309.111511 
828 309.096398 
829 309.081281 
830 309.066162 
831 309.051038 
832 309.035912 
833 309.020783 
834 309.005650 
835 308.990514 
836 308.975375 
837 308.960233 
838 308.945087 
839 308.929938 
840 308.914786 
841 308.899630 
842 308.884472 
843 308.869310 
844 308.854145 
845 308.838977 
846 308.823805 
847 308.808630 
848 308.793452 
849 308.778271 
850 308.763086 
851 308.747898 
852 308.732707 
853 308.717512 
854 308.702315 
855 308.687114 
856 308.671910 
857 308.656702 
858 308.641491 
859 308.626277 
860 308.611060 
861 308.595839 
862 308.580615 
863 308.565388 
864 308.550158 
865 308.534924 
866 308.519687 
867 308.504447 
868 308.489203 
869 308.473956 
870 308.458706 
871 308.443453 
872 308.428196 
873 308.412936 
874 308.397672 
875 308.382406 
876 308.367136 
877 308.351862 
878 308.336586 
879 308.321306 
880 308.306023 
881 308.290736 
882 308.275446 
883 308.260153 
884 308.244856 
885 308.229557 
886 308.214253 
887 308.198947 
888 308.183637 
889 308.168324 
890 308.153008 
891 308.137688 
892 308.122365 
893 308.107038 
894 308.091708 
895 308.076375 
896 308.061039 
897 308.045699 
898 308.030356 
899 308.015009 
900 307.999659 
901 307.984306 
902 307.968949 
903 307.953589 
904 307.938226 
905 307.922860 
906 307.907489 
907 307.892116 
908 307.876739 
909 307.861359 
910 307.845976 
911 307.830589 
912 307.815199 
913 307.799805 
914 307.784408 
915 307.769008 
916 307.753604 
917 307.738197 
918 307.722786 
919 307.707372 
920 307.691955 
921 307.676534 
922 307.661110 
923 307.645683 
924 307.630252 
925 307.614818 
926 307.599380 
927 307.583939 
928 307.568495 
929 307.553047 
930 307.537596 
931 307.522141 
932 307.506683 
933 307.491221 
934 307.475756 
935 307.460288 
936 307.444816 
937 307.429341 
938 307.413863 
939 307.398381 
940 307.382895 
941 307.367406 
942 307.351914 
943 307.336418 
944 307.320919 
945 307.305417 
946 307.289910 
947 307.274401 
948 307.258888 
949 307.243372 
950 307.227852 
951 307.212329 
952 307.196802 
953 307.181272 
954 307.165738 
955 307.150201 
956 307.134661 
957 307.119117 
958 307.103569 
959 307.088018 
960 307.072464 
961 307.056906 
962 307.041345 
963 307.025780 
964 307.010212 
965 306.994640 
966 306.979065 
967 306.963486 
968 306.947904 
969 306.932318 
970 306.916729 
971 306.901137 
972 306.885541 
973 306.869941 
974 306.854338 
975 306.838731 
976 306.823121 
977 306.807508 
978 306.791891 
979 306.776270 
980 306.760646 
981 306.745018 
982 306.729387 
983 306.713753 
984 306.698114 
985 306.682473 
986 306.666828 
987 306.651179 
988 306.635527 
989 306.619871 
990 306.604212 
991 306.588549 
992 306.572883 
993 306.557213 
994 306.541539 
995 306.525863 
996 306.510182 
997 306.494498 
998 306.478811 
999 306.463120 
1000 306.447425 
1001 306.431727 
1002 306.416025 
1003 306.400320 
1004 306.384611 
1005 306.368899 
1006 306.353183 
1007 306.337463 
1008 306.321740 
1009 306.306014 
1010 306.290283 
1011 306.274550 
1012 306.258812 
1013 306.243072 
1014 306.227327 
1015 306.211579 
1016 306.195827 
1017 306.180072 
1018 306.164313 
1019 306.148551 
1020 306.132785 
1021 306.117016 
1022 306.101243 
1023 306.085466 
1024 306.069685 
1025 306.053902 
1026 306.038114 
1027 306.022323 
1028 306.006528 
1029 305.990730 
1030 305.974928 
1031 305.959122 
1032 305.943313 
1033 305.927501 
1034 305.911684 
1035 305.895864 
1036 305.880041 
1037 305.864213 
1038 305.848382 
1039 305.832548 
1040 305.816710 
1041 305.800868 
1042 305.785023 
1043 305.769174 
1044 305.753321 
1045 305.737465 
1046 305.721605 
1047 305.705741 
1048 305.689874 
1049 305.674003 
1050 305.658129 
1051 305.642251 
1052 305.626369 
1053 305.610483 
1054 305.594594 
1055 305.578701 
1056 305.562805 
1057 305.546905 
1058 305.531001 
1059 305.515093 
1060 305.499182 
1061 305.483268 
1062 305.467349 
1063 305.451427 
1064 305.435501 
1065 305.419572 
1066 305.403638 
1067 305.387701 
1068 305.371761 
1069 305.355817 
1070 305.339869 
1071 305.323917 
1072 305.307962 
1073 305.292003 
1074 305.276040 
1075 305.260073 
1076 305.244103 
1077 305.228129 
1078 305.212152 
1079 305.196170 
1080 305.180185 
1081 305.164197 
1082 305.148204 
1083 305.132208 
1084 305.116208 
1085 305.100205 
1086 305.084197 
1087 305.068186 
1088 305.052171 
1089 305.036153 
1090 305.020130 
1091 305.004104 
1092 304.988075 
1093 304.972041 
1094 304.956004 
1095 304.939963 
1096 304.923918 
1097 304.907870 
1098 304.891817 
1099 304.875761 
1100 304.859702 
1101 304.843638 
1102 304.827571 
1103 304.811500 
1104 304.795425 
1105 304.779346 
1106 304.763264 
1107 304.747178 
1108 304.731088 
1109 304.714994 
1110 304.698897 
1111 304.682795 
1112 304.666690 
1113 304.650581 
1114 304.634469 
1115 304.618352 
1116 304.602232 
1117 304.586108 
1118 304.569980 
1119 304.553849 
1120 304.537713 
1121 304.521574 
1122 304.505431 
1123 304.489284 
1124 304.473133 
1125 304.456979 
1126 304.440821 
1127 304.424659 
1128 304.408493 
1129 304.392323 
1130 304.376149 
1131 304.359972 
1132 304.343791 
1133 304.327605 
1134 304.311417 
1135 304.295224 
1136 304.279027 
1137 304.262827 
1138 304.246622 
1139 304.230414 
1140 304.214202 
1141 304.197986 
1142 304.181767 
1143 304.165543 
1144 304.149316 
1145 304.133084 
1146 304.116849 
1147 304.100610 
1148 304.084367 
1149 304.068121 
1150 304.051870 
1151 304.035616 
1152 304.019357 
1153 304.003095 
1154 303.986829 
1155 303.970559 
1156 303.954285 
1157 303.938007 
1158 303.921725 
1159 303.905440 
1160 303.889150 
1161 303.872857 
1162 303.856559 
1163 303.840258 
1164 303.823953 
1165 303.807644 
1166 303.791331 
1167 303.775014 
1168 303.758694 
1169 303.742369 
1170 303.726040 
1171 303.709708 
1172 303.693371 
1173 303.677031 
1174 303.660687 
1175 303.644338 
1176 303.627986 
1177 303.611630 
1178 303.595270 
1179 303.578906 
1180 303.562538 
1181 303.546166 
1182 303.529790 
1183 303.513411 
1184 303.497027 
1185 303.480639 
1186 303.464247 
1187 303.447852 
1188 303.431452 
1189 303.415049 
1190 303.398641 
1191 303.382230 
1192 303.365814 
1193 303.349395 
1194 303.332971 
1195 303.316544 
1196 303.300112 
1197 303.283677 
1198 303.267238 
1199 303.250794 
1200 303.234347 
1201 303.217896 
1202 303.201440 
1203 303.184981 
1204 303.168517 
1205 303.152050 
1206 303.135579 
1207 303.119103 
1208 303.102624 
1209 303.086141 
1210 303.069653 
1211 303.053162 
1212 303.036666 
1213 303.020167 
1214 303.003663 
1215 302.987156 
1216 302.970644 
1217 302.954128 
1218 302.937609 
1219 302.921085 
1220 302.904557 
1221 302.888025 
1222 302.871489 
1223 302.854950 
1224 302.838406 
1225 302.821858 
1226 302.805305 
1227 302.788749 
1228 302.772189 
1229 302.755625 
1230 302.739057 
1231 302.722484 
1232 302.705908 
1233 302.689327 
1234 302.672742 
1235 302.656154 
1236 302.639561 
1237 302.622964 
1238 302.606363 
1239 302.589758 
1240 302.573149 
1241 302.556536 
1242 302.539918 
1243 302.523297 
1244 302.506671 
1245 302.490041 
1246 302.473408 
1247 302.456770 
1248 302.440128 
1249 302.423482 
1250 302.406831 
1251 302.390177 
1252 302.373518 
1253 302.356856 
1254 302.340189 
1255 302.323518 
1256 302.306843 
1257 302.290164 
1258 302.273481 
1259 302.256793 
1260 302.240102 
1261 302.223406 
1262 302.206706 
1263 302.190002 
1264 302.173294 
1265 302.156581 
1266 302.139865 
1267 302.123144 
1268 302.106419 
1269 302.089690 
1270 302.072957 
1271 302.056220 
1272 302.039478 
1273 302.022732 
1274 302.005982 
1275 301.989228 
1276 301.972470 
1277 301.955707 
1278 301.938941 
1279 301.922170 
1280 301.905395 
1281 301.888616 
1282 301.871832 
1283 301.855044 
1284 301.838252 
1285 301.821456 
1286 301.804656 
1287 301.787851 
1288 301.771043 
1289 301.754230 
1290 301.737413 
1291 301.720591 
1292 301.703765 
1293 301.686935 
1294 301.670101 
1295 301.653263 
1296 301.636420 
1297 301.619573 
1298 301.602722 
1299 301.585867 
1300 301.569007 
1301 301.552143 
1302 301.535275 
1303 301.518403 
1304 301.501526 
1305 301.484645 
1306 301.467760 
1307 301.450871 
1308 301.433977 
1309 301.417079 
1310 301.400177 
1311 301.383270 
1312 301.366359 
1313 301.349444 
1314 301.332525 
1315 301.315601 
1316 301.298673 
1317 301.281740 
1318 301.264804 
1319 301.247863 
1320 301.230918 
1321 301.213968 
1322 301.197014 
1323 301.180056 
1324 301.163093 
1325 301.146127 
1326 301.129155 
1327 301.112180 
1328 301.095200 
1329 301.078216 
1330 301.061227 
1331 301.044235 
1332 301.027237 
1333 301.010236 
1334 300.993230 
1335 300.976220 
1336 300.959205 
1337 300.942186 
1338 300.925163 
1339 300.908136 
1340 300.891104 
1341 300.874067 
1342 300.857026 
1343 300.839981 
1344 300.822932 
1345 300.805878 
1346 300.788820 
1347 300.771757 
1348 300.754690 
1349 300.737619 
1350 300.720543 
1351 300.703463 
1352 300.686378 
1353 300.669289 
1354 300.652196 
1355 300.635098 
1356 300.617996 
1357 300.600889 
1358 300.583778 
1359 300.566663 
1360 300.549543 
1361 300.532418 
1362 300.515290 
1363 300.498157 
1364 300.481019 
1365 300.463877 
1366 300.446730 
1367 300.429580 
1368 300.412424 
1369 300.395264 
1370 300.378100 
1371 300.360931 
1372 300.343758 
1373 300.326581 
1374 300.309399 
1375 300.292212 
1376 300.275021 
1377 300.257826 
1378 300.240626 
1379 300.223421 
1380 300.206212 
1381 300.188999 
1382 300.171781 
1383 300.154559 
1384 300.137332 
1385 300.120100 
1386 300.102865 
1387 300.085624 
1388 300.068379 
1389 300.051130 
1390 300.033876 
1391 300.016618 
1392 299.999355 
1393 299.982087 
1394 299.964815 
1395 299.947539 
1396 299.930258 
1397 299.912973 
1398 299.895682 
1399 299.878388 
1400 299.861089 
1401 299.843785 
1402 299.826477 
1403 299.809164 
1404 299.791847 
1405 299.774525 
1406 299.757198 
1407 299.739867 
1408 299.722532 
1409 299.705192 
1410 299.687847 
1411 299.670498 
1412 299.653144 
1413 299.635786 
1414 299.618423 
1415 299.601055 
1416 299.583683 
1417 299.566306 
1418 299.548925 
1419 299.531539 
1420 299.514148 
1421 299.496753 
1422 299.479353 
1423 299.461949 
1424 299.444540 
1425 299.427126 
1426 299.409708 
1427 299.392285 
1428 299.374858 
1429 299.357426 
1430 299.339989 
1431 299.322548 
1432 299.305102 
1433 299.287651 
1434 299.270196 
1435 299.252736 
1436 299.235271 
1437 299.217802 
1438 299.200328 
1439 299.182850 
1440 299.165366 
1441 299.147879 
1442 299.130386 
1443 299.112889 
1444 299.095387 
1445 299.077880 
1446 299.060369 
1447 299.042853 
1448 299.025333 
1449 299.007807 
1450 298.990277 
1451 298.972743 
1452 298.955203 
1453 298.937659 
1454 298.920110 
1455 298.902557 
1456 298.884999 
1457 298.867436 
1458 298.849868 
1459 298.832296 
1460 298.814718 
1461 298.797137 
1462 298.779550 
1463 298.761959 
1464 298.744363 
1465 298.726762 
1466 298.709156 
1467 298.691546 
1468 298.673931 
1469 298.656311 
1470 298.638687 
1471 298.621057 
1472 298.603423 
1473 298.585784 
1474 298.568141 
1475 298.550492 
1476 298.532839 
1477 298.515181 
1478 298.497519 
1479 298.479851 
1480 298.462179 
1481 298.444502 
1482 298.426820 
1483 298.409133 
1484 298.391441 
1485 298.373745 
1486 298.356044 
1487 298.338338 
1488 298.320627 
1489 298.302912 
1490 298.285191 
1491 298.267466 
1492 298.249736 
1493 298.232001 
1494 298.214261 
1495 298.196517 
1496 298.178767 
1497 298.161013 
1498 298.143254 
1499 298.125490 
1500 298.107721 
1501 298.089948 
1502 298.072169 
1503 298.054386 
1504 298.036597 
1505 298.018804 
1506 298.001006 
1507 297.983203 
1508 297.965395 
1509 297.947583 
1510 297.929765 
1511 297.911943 
1512 297.894115 
1513 297.876283 
1514 297.858446 
1515 297.840604 
1516 297.822757 
1517 297.804905 
1518 297.787048 
1519 297.769186 
1520 297.751320 
1521 297.733448 
1522 297.715571 
1523 297.697690 
1524 297.679804 
1525 297.661912 
1526 297.644016 
1527 297.626115 
1528 297.608208 
1529 297.590297 
1530 297.572381 
1531 297.554460 
1532 297.536534 
1533 297.518603 
1534 297.500667 
1535 297.482726 
1536 297.464780 
1537 297.446829 
1538 297.428873 
1539 297.410912 
1540 297.392947 
1541 297.374976 
1542 297.357000 
1543 297.339019 
1544 297.321033 
1545 297.303042 
1546 297.285046 
1547 297.267045 
1548 297.249039 
1549 297.231028 
1550 297.213012 
1551 297.194991 
1552 297.176965 
1553 297.158934 
1554 297.140898 
1555 297.122856 
1556 297.104810 
1557 297.086759 
1558 297.068702 
1559 297.050641 
1560 297.032574 
1561 297.014503 
1562 296.996426 
1563 296.978344 
1564 296.960257 
1565 296.942166 
1566 296.924069 
1567 296.905966 
1568 296.887859 
1569 296.869747 
1570 296.851630 
1571 296.833507 
1572 296.815380 
1573 296.797247 
1574 296.779109 
1575 296.760966 
1576 296.742818 
1577 296.724665 
1578 296.706507 
1579 296.688343 
1580 296.670174 
1581 296.652001 
1582 296.633822 
1583 296.615638 
1584 296.597449 
1585 296.579254 
1586 296.561055 
1587 296.542850 
1588 296.524640 
1589 296.506425 
1590 296.488205 
1591 296.469980 
1592 296.451749 
1593 296.433514 
1594 296.415273 
1595 296.397027 
1596 296.378775 
1597 296.360519 
1598 296.342257 
1599 296.323990 
1600 296.305718 
1601 296.287441 
1602 296.269158 
1603 296.250871 
1604 296.232578 
1605 296.214279 
1606 296.195976 
1607 296.177667 
1608 296.159353 
1609 296.141034 
1610 296.122710 
1611 296.104380 
1612 296.086045 
1613 296.067705 
1614 296.049359 
1615 296.031008 
1616 296.012652 
1617 295.994291 
1618 295.975925 
1619 295.957553 
1620 295.939176 
1621 295.920793 
1622 295.902405 
1623 295.884012 
1624 295.865614 
1625 295.847210 
1626 295.828802 
1627 295.810387 
1628 295.791968 
1629 295.773543 
1630 295.755113 
1631 295.736677 
1632 295.718236 
1633 295.699790 
1634 295.681338 
1635 295.662881 
1636 295.644419 
1637 295.625951 
1638 295.607479 
1639 295.589000 
1640 295.570516 
1641 295.552027 
1642 295.533533 
1643 295.515033 
1644 295.496528 
1645 295.478017 
1646 295.459501 
1647 295.440980 
1648 295.422453 
1649 295.403921 
1650 295.385384 
1651 295.366841 
1652 295.348292 
1653 295.329738 
1654 295.311179 
1655 295.292614 
1656 295.274044 
1657 295.255469 
1658 295.236888 
1659 295.218302 
1660 295.199710 
1661 295.181112 
1662 295.162510 
1663 295.143902 
1664 295.125288 
1665 295.106669 
1666 295.088044 
1667 295.069414 
1668 295.050779 
1669 295.032138 
1670 295.013491 
1671 294.994839 
1672 294.976182 
1673 294.957519 
1674 294.938850 
1675 294.920176 
1676 294.901497 
1677 294.882812 
1678 294.864121 
1679 294.845425 
1680 294.826724 
1681 294.808016 
1682 294.789304 
1683 294.770586 
1684 294.751862 
1685 294.733133 
1686 294.714398 
1687 294.695658 
1688 294.676912 
1689 294.658160 
1690 294.639403 
1691 294.620640 
1692 294.601872 
1693 294.583099 
1694 294.564319 
1695 294.545534 
1696 294.526744 
1697 294.507948 
1698 294.489146 
1699 294.470338 
1700 294.451526 
1701 294.432707 
1702 294.413883 
1703 294.395053 
1704 294.376218 
1705 294.357377 
1706 294.338530 
1707 294.319677 
1708 294.300820 
1709 294.281956 
1710 294.263087 
1711 294.244212 
1712 294.225331 
1713 294.206445 
1714 294.187553 
1715 294.168655 
1716 294.149752 
1717 294.130843 
1718 294.111929 
1719 294.093008 
1720 294.074082 
1721 294.055151 
1722 294.036213 
1723 294.017270 
1724 293.998321 
1725 293.979367 
1726 293.960406 
1727 293.941440 
1728 293.922469 
1729 293.903491 
1730 293.884508 
1731 293.865519 
1732 293.846524 
1733 293.827524 
1734 293.808518 
1735 293.789506 
1736 293.770488 
1737 293.751465 
1738 293.732435 
1739 293.713400 
1740 293.694360 
1741 293.675313 
1742 293.656261 
1743 293.637203 
1744 293.618139 
1745 293.599069 
1746 293.579993 
1747 293.560912 
1748 293.541825 
1749 293.522732 
1750 293.503633 
1751 293.484528 
1752 293.465418 
1753 293.446301 
1754 293.427179 
1755 293.408051 
1756 293.388917 
1757 293.369777 
1758 293.350632 
1759 293.331480 
1760 293.312323 
1761 293.293160 
1762 293.273991 
1763 293.254816 
1764 293.235635 
1765 293.216448 
1766 293.197255 
1767 293.178057 
1768 293.158852 
1769 293.139642 
1770 293.120425 
1771 293.101203 
1772 293.081975 
1773 293.062741 
1774 293.043501 
1775 293.024255 
1776 293.005003 
1777 292.985745 
1778 292.966482 
1779 292.947212 
1780 292.927936 
1781 292.908654 
1782 292.889367 
1783 292.870073 
1784 292.850773 
1785 292.831468 
1786 292.812156 
1787 292.792839 
1788 292.773515 
1789 292.754186 
1790 292.734850 
1791 292.715508 
1792 292.696161 
1793 292.676807 
1794 292.657447 
1795 292.638082 
1796 292.618710 
1797 292.599332 
1798 292.579948 
1799 292.560559 
1800 292.541163 
1801 292.521761 
1802 292.502353 
1803 292.482938 
1804 292.463518 
1805 292.444092 
1806 292.424660 
1807 292.405221 
1808 292.385777 
1809 292.366326 
1810 292.346869 
1811 292.327406 
1812 292.307937 
1813 292.288462 
1814 292.268981 
1815 292.249494 
1816 292.230000 
1817 292.210501 
1818 292.190995 
1819 292.171483 
1820 292.151965 
1821 292.132441 
1822 292.112911 
1823 292.093374 
1824 292.073831 
1825 292.054282 
1826 292.034727 
1827 292.015166 
1828 291.995599 
1829 291.976025 
1830 291.956445 
1831 291.936859 
1832 291.917267 
1833 291.897668 
1834 291.878064 
1835 291.858453 
1836 291.838836 
1837 291.819212 
1838 291.799583 
1839 291.779947 
1840 291.760305 
1841 291.740656 
1842 291.721002 
1843 291.701341 
1844 291.681674 
1845 291.662000 
1846 291.642321 
1847 291.622635 
1848 291.602942 
1849 291.583244 
1850 291.563539 
1851 291.543828 
1852 291.524110 
1853 291.504386 
1854 291.484656 
1855 291.464920 
1856 291.445177 
1857 291.425428 
1858 291.405672 
1859 291.385911 
1860 291.366143 
1861 291.346368 
1862 291.326587 
1863 291.306800 
1864 291.287006 
1865 291.267206 
1866 291.247400 
1867 291.227587 
1868 291.207768 
1869 291.187942 
1870 291.168110 
1871 291.148272 
1872 291.128427 
1873 291.108576 
1874 291.088718 
1875 291.068854 
1876 291.048984 
1877 291.029107 
1878 291.009224 
1879 290.989334 
1880 290.969438 
1881 290.949535 
1882 290.929626 
1883 290.909710 
1884 290.889788 
1885 290.869859 
1886 290.849924 
1887 290.829983 
1888 290.810034 
1889 290.790080 
1890 290.770119 
1891 290.750151 
1892 290.730177 
1893 290.710196 
1894 290.690209 
1895 290.670215 
1896 290.650215 
1897 290.630208 
1898 290.610195 
1899 290.590175 
1900 290.570149 
1901 290.550116 
1902 290.530076 
1903 290.510030 
1904 290.489977 
1905 290.469918 
1906 290.449852 
1907 290.429779 
1908 290.409700 
1909 290.389614 
1910 290.369522 
1911 290.349423 
1912 290.329317 
1913 290.309205 
1914 290.289086 
1915 290.268961 
1916 290.248828 
1917 290.228690 
1918 290.208544 
1919 290.188392 
1920 290.168233 
1921 290.148068 
1922 290.127895 
1923 290.107716 
1924 290.087531 
1925 290.067339 
1926 290.047140 
1927 290.026934 
1928 290.006722 
1929 289.986502 
1930 289.966277 
1931 289.946044 
1932 289.925805 
1933 289.905559 
1934 289.885306 
1935 289.865046 
1936 289.844780 
1937 289.824507 
1938 289.804227 
1939 289.783940 
1940 289.763647 
1941 289.743347 
1942 289.723040 
1943 289.702726 
1944 289.682406 
1945 289.662078 
1946 289.641744 
1947 289.621403 
1948 289.601055 
1949 289.580700 
1950 289.560339 
1951 289.539970 
1952 289.519595 
1953 289.499213 
1954 289.478824 
1955 289.458428 
1956 289.438026 
1957 289.417616 
1958 289.397200 
1959 289.376776 
1960 289.356346 
1961 289.335909 
1962 289.315465 
1963 289.295014 
1964 289.274556 
1965 289.254091 
1966 289.233619 
1967 289.213141 
1968 289.192655 
1969 289.172162 
1970 289.151663 
1971 289.131156 
1972 289.110643 
1973 289.090122 
1974 289.069595 
1975 289.049061 
1976 289.028519 
1977 289.007971 
1978 288.987415 
1979 288.966853 
1980 288.946284 
1981 288.925707 
1982 288.905124 
1983 288.884533 
1984 288.863936 
1985 288.843331 
1986 288.822719 
1987 288.802101 
1988 288.781475 
1989 288.760842 
1990 288.740202 
1991 288.719555 
1992 288.698901 
1993 288.678240 
1994 288.657572 
1995 288.636896 
1996 288.616214 
1997 288.595524 
1998 288.574828 
1999 288.554124 
2000 288.533413 
2001 288.512695 
2002 288.491969 
2003 288.471237 
2004 288.450497 
2005 288.429751 
2006 288.408997 
2007 288.388236 
2008 288.367467 
2009 288.346692 
2010 288.325909 
2011 288.305119 
2012 288.284322 
2013 288.263518 
2014 288.242706 
2015 288.221887 
2016 288.201061 
2017 288.180228 
2018 288.159388 
2019 288.138540 
2020 288.117685 
2021 288.096823 
2022 288.075953 
2023 288.055076 
2024 288.034192 
2025 288.013301 
2026 287.992402 
2027 287.971496 
2028 287.950583 
2029 287.929662 
2030 287.908734 
2031 287.887799 
2032 287.866856 
2033 287.845906 
2034 287.824949 
2035 287.803984 
2036 287.783012 
2037 287.762033 
2038 287.741046 
2039 287.720052 
2040 287.699050 
2041 287.678041 
2042 287.657025 
2043 287.636001 
2044 287.614970 
2045 287.593931 
2046 287.572885 
2047 287.551832 
2048 287.530771 
2049 287.509702 
2050 287.488626 
2051 287.467543 
2052 287.446452 
2053 287.425354 
2054 287.404248 
2055 287.383135 
2056 287.362015 
2057 287.340886 
2058 287.319751 
2059 287.298608 
2060 287.277457 
2061 287.256299 
2062 287.235133 
2063 287.213959 
2064 287.192779 
2065 287.171590 
2066 287.150394 
2067 287.129191 
2068 287.107979 
2069 287.086761 
2070 287.065534 
2071 287.044301 
2072 287.023059 
2073 287.001810 
2074 286.980553 
2075 286.959289 
2076 286.938017 
2077 286.916737 
2078 286.895450 
2079 286.874155 
2080 286.852853 
2081 286.831542 
2082 286.810225 
2083 286.788899 
2084 286.767566 
2085 286.746225 
2086 286.724876 
2087 286.703520 
2088 286.682156 
2089 286.660784 
2090 286.639405 
2091 286.618017 
2092 286.596622 
2093 286.575220 
2094 286.553809 
2095 286.532391 
2096 286.510965 
2097 286.489531 
2098 286.468090 
2099 286.446640 
2100 286.425183 
2101 286.403718 
2102 286.382246 
2103 286.360765 
2104 286.339277 
2105 286.317780 
2106 286.296276 
2107 286.274765 
2108 286.253245 
2109 286.231717 
2110 286.210182 
2111 286.188638 
2112 286.167087 
2113 286.145528 
2114 286.123961 
2115 286.102386 
2116 286.080803 
2117 286.059213 
2118 286.037614 
2119 286.016007 
2120 285.994393 
2121 285.972770 
2122 285.951140 
2123 285.929502 
2124 285.907855 
2125 285.886201 
2126 285.864539 
2127 285.842868 
2128 285.821190 
2129 285.799504 
2130 285.777809 
2131 285.756107 
2132 285.734397 
2133 285.712678 
2134 285.690952 
2135 285.669218 
2136 285.647475 
2137 285.625724 
2138 285.603966 
2139 285.582199 
2140 285.560424 
2141 285.538641 
2142 285.516850 
2143 285.495051 
2144 285.473244 
2145 285.451428 
2146 285.429605 
2147 285.407773 
2148 285.385934 
2149 285.364086 
2150 285.342230 
2151 285.320365 
2152 285.298493 
2153 285.276612 
2154 285.254723 
2155 285.232826 
2156 285.210921 
2157 285.189008 
2158 285.167086 
2159 285.145156 
2160 285.123218 
2161 285.101272 
2162 285.079317 
2163 285.057354 
2164 285.035383 
2165 285.013404 
2166 284.991416 
2167 284.969420 
2168 284.947415 
2169 284.925403 
2170 284.903382 
2171 284.881353 
2172 284.859315 
2173 284.837269 
2174 284.815215 
2175 284.793152 
2176 284.771081 
2177 284.749002 
2178 284.726914 
2179 284.704818 
2180 284.682714 
2181 284.660601 
2182 284.638479 
2183 284.616350 
2184 284.594211 
2185 284.572065 
2186 284.549910 
2187 284.527746 
2188 284.505574 
2189 284.483394 
2190 284.461205 
2191 284.439008 
2192 284.416802 
2193 284.394587 
2194 284.372365 
2195 284.350133 
2196 284.327893 
2197 284.305645 
2198 284.283388 
2199 284.261122 
2200 284.238848 
2201 284.216566 
2202 284.194274 
2203 284.171975 
2204 284.149666 
2205 284.127349 
2206 284.105024 
2207 284.082690 
2208 284.060347 
2209 284.037995 
2210 284.015635 
2211 283.993266 
2212 283.970889 
2213 283.948503 
2214 283.926108 
2215 283.903705 
2216 283.881293 
2217 283.858872 
2218 283.836443 
2219 283.814004 
2220 283.791558 
2221 283.769102 
2222 283.746638 
2223 283.724164 
2224 283.701683 
2225 283.679192 
2226 283.656693 
2227 283.634184 
2228 283.611667 
2229 283.589142 
2230 283.566607 
2231 283.544064 
2232 283.521511 
2233 283.498950 
2234 283.476380 
2235 283.453802 
2236 283.431214 
2237 283.408618 
2238 283.386012 
2239 283.363398 
2240 283.340775 
2241 283.318143 
2242 283.295502 
2243 283.272852 
2244 283.250193 
2245 283.227526 
2246 283.204849 
2247 283.182163 
2248 283.159469 
2249 283.136765 
2250 283.114053 
2251 283.091331 
2252 283.068601 
2253 283.045861 
2254 283.023113 
2255 283.000355 
2256 282.977589 
2257 282.954813 
2258 282.932028 
2259 282.909235 
2260 282.886432 
2261 282.863620 
2262 282.840799 
2263 282.817969 
2264 282.795130 
2265 282.772282 
2266 282.749424 
2267 282.726558 
2268 282.703682 
2269 282.680797 
2270 282.657903 
2271 282.635000 
2272 282.612088 
2273 282.589166 
2274 282.566236 
2275 282.543296 
2276 282.520347 
2277 282.497388 
2278 282.474421 
2279 282.451444 
2280 282.428458 
2281 282.405463 
2282 282.382458 
2283 282.359444 
2284 282.336421 
2285 282.313389 
2286 282.290347 
2287 282.267296 
2288 282.244235 
2289 282.221166 
2290 282.198086 
2291 282.174998 
2292 282.151900 
2293 282.128793 
2294 282.105677 
2295 282.082551 
2296 282.059415 
2297 282.036271 
2298 282.013116 
2299 281.989953 
2300 281.966780 
2301 281.943597 
2302 281.920405 
2303 281.897204 
2304 281.873993 
2305 281.850773 
2306 281.827543 
2307 281.804304 
2308 281.781055 
2309 281.757796 
2310 281.734528 
2311 281.711251 
2312 281.687964 
2313 281.664667 
2314 281.641361 
2315 281.618045 
2316 281.594720 
2317 281.571385 
2318 281.548040 
2319 281.524686 
2320 281.501322 
2321 281.477949 
2322 281.454566 
2323 281.431173 
2324 281.407771 
2325 281.384359 
2326 281.360937 
2327 281.337505 
2328 281.314064 
2329 281.290613 
2330 281.267152 
2331 281.243682 
2332 281.220202 
2333 281.196712 
2334 281.173212 
2335 281.149703 
2336 281.126183 
2337 281.102654 
2338 281.079115 
2339 281.055567 
2340 281.032008 
2341 281.008440 
2342 280.984862 
2343 280.961273 
2344 280.937675 
2345 280.914068 
2346 280.890450 
2347 280.866822 
2348 280.843185 
2349 280.819537 
2350 280.795880 
2351 280.772212 
2352 280.748535 
2353 280.724848 
2354 280.701151 
2355 280.677443 
2356 280.653726 
2357 280.629999 
2358 280.606261 
2359 280.582514 
2360 280.558757 
2361 280.534989 
2362 280.511212 
2363 280.487424 
2364 280.463627 
2365 280.439819 
2366 280.416001 
2367 280.392173 
2368 280.368335 
2369 280.344487 
2370 280.320629 
2371 280.296760 
2372 280.272882 
2373 280.248993 
2374 280.225094 
2375 280.201185 
2376 280.177265 
2377 280.153336 
2378 280.129396 
2379 280.105446 
2380 280.081485 
2381 280.057515 
2382 280.033534 
2383 280.009543 
2384 279.985541 
2385 279.961530 
2386 279.937507 
2387 279.913475 
2388 279.889432 
2389 279.865379 
2390 279.841316 
2391 279.817242 
2392 279.793158 
2393 279.769063 
2394 279.744958 
2395 279.720842 
2396 279.696717 
2397 279.672580 
2398 279.648433 
2399 279.624276 
2400 279.600109 
2401 279.575930 
2402 279.551742 
2403 279.527542 
2404 279.503333 
2405 279.479112 
2406 279.454882 
2407 279.430640 
2408 279.406388 
2409 279.382126 
2410 279.357853 
2411 279.333569 
2412 279.309275 
2413 279.284970 
2414 279.260655 
2415 279.236328 
2416 279.211992 
2417 279.187644 
2418 279.163286 
2419 279.138917 
2420 279.114537 
2421 279.090147 
2422 279.065746 
2423 279.041334 
2424 279.016912 
2425 278.992479 
2426 278.968035 
2427 278.943580 
2428 278.919114 
2429 278.894638 
2430 278.870151 
2431 278.845652 
2432 278.821144 
2433 278.796624 
2434 278.772093 
2435 278.747552 
2436 278.722999 
2437 278.698436 
2438 278.673862 
2439 278.649277 
2440 278.624681 
2441 278.600074 
2442 278.575456 
2443 278.550827 
2444 278.526187 
2445 278.501536 
2446 278.476874 
2447 278.452201 
2448 278.427517 
2449 278.402822 
2450 278.378116 
2451 278.353398 
2452 278.328670 
2453 278.303931 
2454 278.279180 
2455 278.254419 
2456 278.229646 
2457 278.204862 
2458 278.180067 
2459 278.155261 
2460 278.130443 
2461 278.105615 
2462 278.080775 
2463 278.055924 
2464 278.031062 
2465 278.006188 
2466 277.981303 
2467 277.956407 
2468 277.931500 
2469 277.906581 
2470 277.881651 
2471 277.856710 
2472 277.831758 
2473 277.806794 
2474 277.781818 
2475 277.756832 
2476 277.731834 
2477 277.706824 
2478 277.681803 
2479 277.656771 
2480 277.631727 
2481 277.606672 
2482 277.581606 
2483 277.556527 
2484 277.531438 
2485 277.506337 
2486 277.481224 
2487 277.456100 
2488 277.430964 
2489 277.405817 
2490 277.380658 
2491 277.355488 
2492 277.330306 
2493 277.305112 
2494 277.279907 
2495 277.254690 
2496 277.229462 
2497 277.204222 
2498 277.178970 
2499 277.153706 
2500 277.128431 
2501 277.103144 
2502 277.077846 
2503 277.052535 
2504 277.027213 
2505 277.001879 
2506 276.976534 
2507 276.951176 
2508 276.925807 
2509 276.900426 
2510 276.875033 
2511 276.849628 
2512 276.824211 
2513 276.798783 
2514 276.773343 
2515 276.747890 
2516 276.722426 
2517 276.696950 
2518 276.671462 
2519 276.645962 
2520 276.620450 
2521 276.594926 
2522 276.569390 
2523 276.543842 
2524 276.518282 
2525 276.492710 
2526 276.467125 
2527 276.441529 
2528 276.415921 
2529 276.390300 
2530 276.364668 
2531 276.339023 
2532 276.313367 
2533 276.287698 
2534 276.262017 
2535 276.236323 
2536 276.210618 
2537 276.184900 
2538 276.159170 
2539 276.133428 
2540 276.107674 
2541 276.081907 
2542 276.056128 
2543 276.030337 
2544 276.004533 
2545 275.978717 
2546 275.952889 
2547 275.927049 
2548 275.901196 
2549 275.875330 
2550 275.849452 
2551 275.823562 
2552 275.797660 
2553 275.771745 
2554 275.745817 
2555 275.719877 
2556 275.693925 
2557 275.667960 
2558 275.641982 
2559 275.615992 
2560 275.589990 
2561 275.563975 
2562 275.537947 
2563 275.511907 
2564 275.485854 
2565 275.459788 
2566 275.433710 
2567 275.407620 
2568 275.381516 
2569 275.355400 
2570 275.329271 
2571 275.303130 
2572 275.276975 
2573 275.250808 
2574 275.224628 
2575 275.198436 
2576 275.172231 
2577 275.146012 
2578 275.119781 
2579 275.093538 
2580 275.067281 
2581 275.041011 
2582 275.014729 
2583 274.988434 
2584 274.962126 
2585 274.935804 
2586 274.909470 
2587 274.883123 
2588 274.856763 
2589 274.830390 
2590 274.804004 
2591 274.777605 
2592 274.751193 
2593 274.724768 
2594 274.698330 
2595 274.671878 
2596 274.645414 
2597 274.618937 
2598 274.592446 
2599 274.565942 
2600 274.539425 
2601 274.512895 
2602 274.486352 
2603 274.459795 
2604 274.433225 
2605 274.406642 
2606 274.380046 
2607 274.353436 
2608 274.326813 
2609 274.300177 
2610 274.273528 
2611 274.246865 
2612 274.220189 
2613 274.193499 
2614 274.166796 
2615 274.140080 
2616 274.113350 
2617 274.086606 
2618 274.059850 
2619 274.033079 
2620 274.006296 
2621 273.979498 
2622 273.952688 
2623 273.925863 
2624 273.899025 
2625 273.872174 
2626 273.845309 
2627 273.818430 
2628 273.791538 
2629 273.764632 
2630 273.737712 
2631 273.710779 
2632 273.683832 
2633 273.656871 
2634 273.629897 
2635 273.602909 
2636 273.575907 
2637 273.548891 
2638 273.521862 
2639 273.494818 
2640 273.467761 
2641 273.440690 
2642 273.413605 
2643 273.386506 
2644 273.359394 
2645 273.332267 
2646 273.305126 
2647 273.277972 
2648 273.250803 
2649 273.223621 
2650 273.196424 
2651 273.169214 
2652 273.141989 
2653 273.114750 
2654 273.087498 
2655 273.060231 
2656 273.032950 
2657 273.005655 
2658 272.978346 
2659 272.951022 
2660 272.923685 
2661 272.896333 
2662 272.868967 
2663 272.841586 
2664 272.814192 
2665 272.786783 
2666 272.759360 
2667 272.731922 
2668 272.704470 
2669 272.677004 
2670 272.649524 
2671 272.622029 
2672 272.594520 
2673 272.566996 
2674 272.539458 
2675 272.511905 
2676 272.484338 
2677 272.456756 
2678 272.429160 
2679 272.401549 
2680 272.373924 
2681 272.346284 
2682 272.318629 
2683 272.290960 
2684 272.263277 
2685 272.235578 
2686 272.207865 
2687 272.180137 
2688 272.152395 
2689 272.124638 
2690 272.096866 
2691 272.069079 
2692 272.041278 
2693 272.013461 
2694 271.985630 
2695 271.957784 
2696 271.929923 
2697 271.902047 
2698 271.874157 
2699 271.846251 
2700 271.818331 
2701 271.790395 
2702 271.762445 
2703 271.734479 
2704 271.706499 
2705 271.678503 
2706 271.650493 
2707 271.622467 
2708 271.594426 
2709 271.566370 
2710 271.538299 
2711 271.510213 
2712 271.482111 
2713 271.453995 
2714 271.425863 
2715 271.397716 
2716 271.369553 
2717 271.341376 
2718 271.313183 
2719 271.284975 
2720 271.256751 
2721 271.228512 
2722 271.200258 
2723 271.171988 
2724 271.143703 
2725 271.115402 
2726 271.087086 
2727 271.058754 
2728 271.030407 
2729 271.002044 
2730 270.973666 
2731 270.945272 
2732 270.916863 
2733 270.888438 
2734 270.859997 
2735 270.831541 
2736 270.803069 
2737 270.774581 
2738 270.746078 
2739 270.717559 
2740 270.689024 
2741 270.660473 
2742 270.631907 
2743 270.603324 
2744 270.574726 
2745 270.546112 
2746 270.517482 
2747 270.488836 
2748 270.460174 
2749 270.431497 
2750 270.402803 
2751 270.374093 
2752 270.345367 
2753 270.316626 
2754 270.287868 
2755 270.259094 
2756 270.230304 
2757 270.201497 
2758 270.172675 
2759 270.143836 
2760 270.114982 
2761 270.086111 
2762 270.057223 
2763 270.028320 
2764 269.999400 
2765 269.970464 
2766 269.941512 
2767 269.912543 
2768 269.883558 
2769 269.854556 
2770 269.825538 
2771 269.796504 
2772 269.767453 
2773 269.738385 
2774 269.709301 
2775 269.680201 
2776 269.651084 
2777 269.621950 
2778 269.592800 
2779 269.563633 
2780 269.534450 
2781 269.505249 
2782 269.476032 
2783 269.446799 
2784 269.417548 
2785 269.388281 
2786 269.358997 
2787 269.329696 
2788 269.300379 
2789 269.271044 
2790 269.241693 
2791 269.212325 
2792 269.182939 
2793 269.153537 
2794 269.124118 
2795 269.094682 
2796 269.065229 
2797 269.035758 
2798 269.006271 
2799 268.976766 
2800 268.947245 
2801 268.917706 
2802 268.888150 
2803 268.858577 
2804 268.828986 
2805 268.799379 
2806 268.769754 
2807 268.740111 
2808 268.710452 
2809 268.680775 
2810 268.651081 
2811 268.621369 
2812 268.591640 
2813 268.561893 
2814 268.532129 
2815 268.502348 
2816 268.472548 
2817 268.442732 
2818 268.412898 
2819 268.383046 
2820 268.353176 
2821 268.323289 
2822 268.293384 
2823 268.263462 
2824 268.233522 
2825 268.203564 
2826 268.173588 
2827 268.143594 
2828 268.113583 
2829 268.083553 
2830 268.053506 
2831 268.023441 
2832 267.993358 
2833 267.963257 
2834 267.933138 
2835 267.903001 
2836 267.872846 
2837 267.842673 
2838 267.812482 
2839 267.782272 
2840 267.752045 
2841 267.721799 
2842 267.691535 
2843 267.661253 
2844 267.630953 
2845 267.600634 
2846 267.570297 
2847 267.539942 
2848 267.509568 
2849 267.479176 
2850 267.448765 
2851 267.418336 
2852 267.387889 
2853 267.357423 
2854 267.326938 
2855 267.296435 
2856 267.265914 
2857 267.235374 
2858 267.204815 
2859 267.174237 
2860 267.143641 
2861 267.113026 
2862 267.082392 
2863 267.051740 
2864 267.021068 
2865 266.990378 
2866 266.959669 
2867 266.928941 
2868 266.898195 
2869 266.867429 
2870 266.836644 
2871 266.805840 
2872 266.775018 
2873 266.744176 
2874 266.713315 
2875 266.682435 
2876 266.651535 
2877 266.620617 
2878 266.589679 
2879 266.558723 
2880 266.527746 
2881 266.496751 
2882 266.465736 
2883 266.434702 
2884 266.403649 
2885 266.372576 
2886 266.341483 
2887 266.310372 
2888 266.279240 
2889 266.248089 
2890 266.216919 
2891 266.185729 
2892 266.154519 
2893 266.123290 
2894 266.092041 
2895 266.060772 
2896 266.029484 
2897 265.998176 
2898 265.966848 
2899 265.935500 
2900 265.904132 
2901 265.872744 
2902 265.841337 
2903 265.809909 
2904 265.778462 
2905 265.746994 
2906 265.715507 
2907 265.683999 
2908 265.652471 
2909 265.620923 
2910 265.589355 
2911 265.557767 
2912 265.526158 
2913 265.494529 
2914 265.462880 
2915 265.431211 
2916 265.399521 
2917 265.367811 
2918 265.336080 
2919 265.304329 
2920 265.272557 
2921 265.240765 
2922 265.208952 
2923 265.177119 
2924 265.145265 
2925 265.113390 
2926 265.081495 
2927 265.049579 
2928 265.017642 
2929 264.985685 
2930 264.953706 
2931 264.921707 
2932 264.889687 
2933 264.857646 
2934 264.825584 
2935 264.793501 
2936 264.761397 
2937 264.729271 
2938 264.697125 
2939 264.664958 
2940 264.632769 
2941 264.600560 
2942 264.568329 
2943 264.536077 
2944 264.503803 
2945 264.471508 
2946 264.439192 
2947 264.406855 
2948 264.374496 
2949 264.342115 
2950 264.309713 
2951 264.277290 
2952 264.244845 
2953 264.212378 
2954 264.179890 
2955 264.147380 
2956 264.114848 
2957 264.082295 
2958 264.049720 
2959 264.017123 
2960 263.984504 
2961 263.951863 
2962 263.919200 
2963 263.886516 
2964 263.853809 
2965 263.821080 
2966 263.788329 
2967 263.755557 
2968 263.722762 
2969 263.689944 
2970 263.657105 
2971 263.624243 
2972 263.591359 
2973 263.558453 
2974 263.525525 
2975 263.492574 
2976 263.459600 
2977 263.426604 
2978 263.393586 
2979 263.360545 
2980 263.327481 
2981 263.294395 
2982 263.261286 
2983 263.228155 
2984 263.195000 
2985 263.161823 
2986 263.128623 
2987 263.095401 
2988 263.062155 
2989 263.028886 
2990 262.995595 
2991 262.962280 
2992 262.928943 
2993 262.895582 
2994 262.862198 
2995 262.828792 
2996 262.795361 
2997 262.761908 
2998 262.728431 
2999 262.694931 
3000 262.661408 
3001 262.627862 
3002 262.594291 
3003 262.560698 
3004 262.527081 
3005 262.493440 
3006 262.459776 
3007 262.426088 
3008 262.392376 
3009 262.358641 
3010 262.324882 
3011 262.291099 
3012 262.257292 
3013 262.223462 
3014 262.189607 
3015 262.155729 
3016 262.121826 
3017 262.087900 
3018 262.053949 
3019 262.019975 
3020 261.985976 
3021 261.951953 
3022 261.917905 
3023 261.883834 
3024 261.849738 
3025 261.815617 
3026 261.781472 
3027 261.747303 
3028 261.713109 
3029 261.678891 
3030 261.644648 
3031 261.610381 
3032 261.576089 
3033 261.541772 
3034 261.507430 
3035 261.473063 
3036 261.438672 
3037 261.404256 
3038 261.369815 
3039 261.335349 
3040 261.300857 
3041 261.266341 
3042 261.231800 
3043 261.197233 
3044 261.162641 
3045 261.128024 
3046 261.093382 
3047 261.058715 
3048 261.024022 
3049 260.989303 
3050 260.954559 
3051 260.919790 
3052 260.884995 
3053 260.850174 
3054 260.815328 
3055 260.780456 
3056 260.745558 
3057 260.710635 
3058 260.675685 
3059 260.640710 
3060 260.605709 
3061 260.570682 
3062 260.535629 
3063 260.500549 
3064 260.465444 
3065 260.430312 
3066 260.395155 
3067 260.359971 
3068 260.324760 
3069 260.289524 
3070 260.254261 
3071 260.218971 
3072 260.183655 
3073 260.148312 
3074 260.112943 
3075 260.077547 
3076 260.042125 
3077 260.006675 
3078 259.971199 
3079 259.935696 
3080 259.900167 
3081 259.864610 
3082 259.829026 
3083 259.793415 
3084 259.757777 
3085 259.722112 
3086 259.686420 
3087 259.650701 
3088 259.614954 
3089 259.579180 
3090 259.543378 
3091 259.507549 
3092 259.471693 
3093 259.435809 
3094 259.399897 
3095 259.363958 
3096 259.327991 
3097 259.291996 
3098 259.255974 
3099 259.219923 
3100 259.183845 
3101 259.147739 
3102 259.111605 
3103 259.075442 
3104 259.039252 
3105 259.003033 
3106 258.966786 
3107 258.930511 
3108 258.894208 
3109 258.857876 
3110 258.821516 
3111 258.785127 
3112 258.748710 
3113 258.712264 
3114 258.675789 
3115 258.639286 
3116 258.602754 
3117 258.566193 
3118 258.529603 
3119 258.492984 
3120 258.456337 
3121 258.419660 
3122 258.382954 
3123 258.346219 
3124 258.309455 
3125 258.272662 
3126 258.235839 
3127 258.198987 
3128 258.162105 
3129 258.125194 
3130 258.088253 
3131 258.051283 
3132 258.014283 
3133 257.977253 
3134 257.940194 
3135 257.903105 
3136 257.865986 
3137 257.828836 
3138 257.791657 
3139 257.754448 
3140 257.717209 
3141 257.679939 
3142 257.642639 
3143 257.605309 
3144 257.567949 
3145 257.530558 
3146 257.493137 
3147 257.455685 
3148 257.418202 
3149 257.380689 
3150 257.343145 
3151 257.305570 
3152 257.267965 
3153 257.230328 
3154 257.192661 
3155 257.154962 
3156 257.117233 
3157 257.079472 
3158 257.041680 
3159 257.003857 
3160 256.966002 
3161 256.928116 
3162 256.890198 
3163 256.852249 
3164 256.814269 
3165 256.776256 
3166 256.738212 
3167 256.700136 
3168 256.662029 
3169 256.623889 
3170 256.585717 
3171 256.547514 
3172 256.509278 
3173 256.471010 
3174 256.432710 
3175 256.394377 
3176 256.356012 
3177 256.317615 
3178 256.279185 
3179 256.240723 
3180 256.202227 
3181 256.163700 
3182 256.125139 
3183 256.086546 
3184 256.047919 
3185 256.009260 
3186 255.970568 
3187 255.931842 
3188 255.893083 
3189 255.854291 
3190 255.815466 
3191 255.776607 
3192 255.737715 
3193 255.698790 
3194 255.659830 
3195 255.620837 
3196 255.581811 
3197 255.542750 
3198 255.503656 
3199 255.464528 
3200 255.425365 
3201 255.386169 
3202 255.346938 
3203 255.307673 
3204 255.268374 
3205 255.229040 
3206 255.189672 
3207 255.150270 
3208 255.110833 
3209 255.071361 
3210 255.031854 
3211 254.992313 
3212 254.952736 
3213 254.913125 
3214 254.873479 
3215 254.833797 
3216 254.794081 
3217 254.754329 
3218 254.714541 
3219 254.674719 
3220 254.634860 
3221 254.594967 
3222 254.555037 
3223 254.515072 
3224 254.475071 
3225 254.435034 
3226 254.394961 
3227 254.354852 
3228 254.314707 
3229 254.274526 
3230 254.234308 
3231 254.194055 
3232 254.153764 
3233 254.113437 
3234 254.073074 
3235 254.032674 
3236 253.992237 
3237 253.951763 
3238 253.911253 
3239 253.870705 
3240 253.830120 
3241 253.789499 
3242 253.748840 
3243 253.708143 
3244 253.667409 
3245 253.626638 
3246 253.585829 
3247 253.544982 
3248 253.504098 
3249 253.463176 
3250 253.422216 
3251 253.381218 
3252 253.340182 
3253 253.299107 
3254 253.257995 
3255 253.216844 
3256 253.175655 
3257 253.134427 
3258 253.093161 
3259 253.051855 
3260 253.010512 
3261 252.969129 
3262 252.927707 
3263 252.886246 
3264 252.844747 
3265 252.803207 
3266 252.761629 
3267 252.720011 
3268 252.678354 
3269 252.636657 
3270 252.594921 
3271 252.553145 
3272 252.511328 
3273 252.469472 
3274 252.427576 
3275 252.385640 
3276 252.343664 
3277 252.301647 
3278 252.259590 
3279 252.217493 
3280 252.175354 
3281 252.133175 
3282 252.090956 
3283 252.048695 
3284 252.006394 
3285 251.964051 
3286 251.921668 
3287 251.879243 
3288 251.836776 
3289 251.794269 
3290 251.751719 
3291 251.709128 
3292 251.666496 
3293 251.623821 
3294 251.581105 
3295 251.538346 
3296 251.495546 
3297 251.452703 
3298 251.409818 
3299 251.366890 
3300 251.323920 
3301 251.280907 
3302 251.237851 
3303 251.194753 
3304 251.151612 
3305 251.108427 
3306 251.065200 
3307 251.021929 
3308 250.978615 
3309 250.935257 
3310 250.891856 
3311 250.848411 
3312 250.804922 
3313 250.761390 
3314 250.717813 
3315 250.674192 
3316 250.630528 
3317 250.586818 
3318 250.543065 
3319 250.499267 
3320 250.455424 
3321 250.411536 
3322 250.367604 
3323 250.323626 
3324 250.279604 
3325 250.235536 
3326 250.191423 
3327 250.147265 
3328 250.103061 
3329 250.058812 
3330 250.014516 
3331 249.970175 
3332 249.925788 
3333 249.881355 
3334 249.836875 
3335 249.792349 
3336 249.747777 
3337 249.703158 
3338 249.658493 
3339 249.613781 
3340 249.569021 
3341 249.524215 
3342 249.479362 
3343 249.434461 
3344 249.389513 
3345 249.344518 
3346 249.299474 
3347 249.254383 
3348 249.209245 
3349 249.164058 
3350 249.118823 
3351 249.073540 
3352 249.028208 
3353 248.982828 
3354 248.937400 
3355 248.891922 
3356 248.846396 
3357 248.800821 
3358 248.755197 
3359 248.709523 
3360 248.663800 
3361 248.618028 
3362 248.572206 
3363 248.526334 
3364 248.480412 
3365 248.434440 
3366 248.388419 
3367 248.342347 
3368 248.296224 
3369 248.250051 
3370 248.203827 
3371 248.157553 
3372 248.111227 
3373 248.064851 
3374 248.018423 
3375 247.971944 
3376 247.925413 
3377 247.878831 
3378 247.832197 
3379 247.785511 
3380 247.738773 
3381 247.691983 
3382 247.645140 
3383 247.598246 
3384 247.551298 
3385 247.504298 
3386 247.457245 
3387 247.410139 
3388 247.362980 
3389 247.315767 
3390 247.268501 
3391 247.221181 
3392 247.173808 
3393 247.126381 
3394 247.078900 
3395 247.031364 
3396 246.983774 
3397 246.936130 
3398 246.888431 
3399 246.840678 
3400 246.792869 
3401 246.745005 
3402 246.697086 
3403 246.649112 
3404 246.601082 
3405 246.552997 
3406 246.504855 
3407 246.456658 
3408 246.408404 
3409 246.360095 
3410 246.311728 
3411 246.263305 
3412 246.214826 
3413 246.166289 
3414 246.117695 
3415 246.069044 
3416 246.020335 
3417 245.971569 
3418 245.922746 
3419 245.873864 
3420 245.824924 
3421 245.775926 
3422 245.726869 
3423 245.677754 
3424 245.628580 
3425 245.579347 
3426 245.530056 
3427 245.480704 
3428 245.431294 
3429 245.381824 
3430 245.332294 
3431 245.282704 
3432 245.233054 
3433 245.183344 
3434 245.133573 
3435 245.083741 
3436 245.033849 
3437 244.983896 
3438 244.933882 
3439 244.883806 
3440 244.833669 
3441 244.783470 
3442 244.733209 
3443 244.682886 
3444 244.632500 
3445 244.582053 
3446 244.531542 
3447 244.480969 
3448 244.430333 
3449 244.379634 
3450 244.328871 
3451 244.278045 
3452 244.227155 
3453 244.176201 
3454 244.125183 
3455 244.074100 
3456 244.022953 
3457 243.971741 
3458 243.920465 
3459 243.869123 
3460 243.817716 
3461 243.766243 
3462 243.714705 
3463 243.663101 
3464 243.611430 
3465 243.559694 
3466 243.507890 
3467 243.456020 
3468 243.404083 
3469 243.352079 
3470 243.300008 
3471 243.247869 
3472 243.195663 
3473 243.143388 
3474 243.091045 
3475 243.038634 
3476 242.986154 
3477 242.933605 
3478 242.880988 
3479 242.828301 
3480 242.775544 
3481 242.722718 
3482 242.669822 
3483 242.616856 
3484 242.563820 
3485 242.510712 
3486 242.457535 
3487 242.404286 
3488 242.350965 
3489 242.297574 
3490 242.244110 
3491 242.190575 
3492 242.136968 
3493 242.083288 
3494 242.029535 
3495 241.975710 
3496 241.921811 
3497 241.867840 
3498 241.813794 
3499 241.759675 
3500 241.705482 
3501 241.651214 
3502 241.596872 
3503 241.542455 
3504 241.487963 
3505 241.433396 
3506 241.378753 
3507 241.324034 
3508 241.269240 
3509 241.214369 
3510 241.159422 
3511 241.104397 
3512 241.049296 
3513 240.994118 
3514 240.938861 
3515 240.883528 
3516 240.828116 
3517 240.772625 
3518 240.717056 
3519 240.661408 
3520 240.605682 
3521 240.549875 
3522 240.493989 
3523 240.438023 
3524 240.381977 
3525 240.325850 
3526 240.269643 
3527 240.213354 
3528 240.156984 
3529 240.100533 
3530 240.044000 
3531 239.987384 
3532 239.930686 
3533 239.873906 
3534 239.817042 
3535 239.760095 
3536 239.703064 
3537 239.645950 
3538 239.588751 
3539 239.531468 
3540 239.474100 
3541 239.416647 
3542 239.359108 
3543 239.301484 
3544 239.243774 
3545 239.185978 
3546 239.128095 
3547 239.070125 
3548 239.012068 
3549 238.953923 
3550 238.895690 
3551 238.837370 
3552 238.778960 
3553 238.720463 
3554 238.661875 
3555 238.603199 
3556 238.544433 
3557 238.485576 
3558 238.426629 
3559 238.367592 
3560 238.308463 
3561 238.249243 
3562 238.189931 
3563 238.130528 
3564 238.071031 
3565 238.011442 
3566 237.951760 
3567 237.891984 
3568 237.832115 
3569 237.772151 
3570 237.712093 
3571 237.651940 
3572 237.591692 
3573 237.531348 
3574 237.470908 
3575 237.410372 
3576 237.349739 
3577 237.289010 
3578 237.228182 
3579 237.167258 
3580 237.106234 
3581 237.045113 
3582 236.983892 
3583 236.922573 
3584 236.861153 
3585 236.799634 
3586 236.738014 
3587 236.676293 
3588 236.614471 
3589 236.552547 
3590 236.490522 
3591 236.428394 
3592 236.366163 
3593 236.303829 
3594 236.241391 
3595 236.178850 
3596 236.116204 
3597 236.053453 
3598 235.990597 
3599 235.927635 
3600 235.864567 
3601 235.801392 
3602 235.738111 
3603 235.674722 
3604 235.611225 
3605 235.547620 
3606 235.483907 
3607 235.420084 
3608 235.356152 
3609 235.292110 
3610 235.227957 
3611 235.163693 
3612 235.099318 
3613 235.034831 
3614 234.970232 
3615 234.905520 
3616 234.840695 
3617 234.775756 
3618 234.710703 
3619 234.645535 
3620 234.580252 
3621 234.514854 
3622 234.449339 
3623 234.383708 
3624 234.317960 
3625 234.252095 
3626 234.186111 
3627 234.120009 
3628 234.053787 
3629 233.987446 
3630 233.920985 
3631 233.854404 
3632 233.787701 
3633 233.720877 
3634 233.653930 
3635 233.586861 
3636 233.519668 
3637 233.452352 
3638 233.384912 
3639 233.317346 
3640 233.249656 
3641 233.181839 
3642 233.113896 
3643 233.045826 
3644 232.977628 
3645 232.909302 
3646 232.840847 
3647 232.772263 
3648 232.703549 
3649 232.634704 
3650 232.565729 
3651 232.496622 
3652 232.427382 
3653 232.358010 
3654 232.288504 
3655 232.218864 
3656 232.149090 
3657 232.079180 
3658 232.009134 
3659 231.938952 
3660 231.868633 
3661 231.798176 
3662 231.727580 
3663 231.656845 
3664 231.585971 
3665 231.514956 
3666 231.443800 
3667 231.372503 
3668 231.301063 
3669 231.229480 
3670 231.157753 
3671 231.085882 
3672 231.013866 
3673 230.941704 
3674 230.869396 
3675 230.796940 
3676 230.724337 
3677 230.651585 
3678 230.578683 
3679 230.505632 
3680 230.432430 
3681 230.359076 
3682 230.285570 
3683 230.211911 
3684 230.138099 
3685 230.064132 
3686 229.990009 
3687 229.915731 
3688 229.841296 
3689 229.766703 
3690 229.691952 
3691 229.617042 
3692 229.541972 
3693 229.466741 
3694 229.391348 
3695 229.315793 
3696 229.240075 
3697 229.164193 
3698 229.088146 
3699 229.011933 
3700 228.935553 
3701 228.859006 
3702 228.782291 
3703 228.705407 
3704 228.628352 
3705 228.551127 
3706 228.473730 
3707 228.396160 
3708 228.318416 
3709 228.240498 
3710 228.162404 
3711 228.084134 
3712 228.005687 
3713 227.927061 
3714 227.848256 
3715 227.769270 
3716 227.690104 
3717 227.610755 
3718 227.531223 
3719 227.451507 
3720 227.371606 
3721 227.291519 
3722 227.211244 
3723 227.130782 
3724 227.050129 
3725 226.969287 
3726 226.888253 
3727 226.807027 
3728 226.725607 
3729 226.643993 
3730 226.562183 
3731 226.480176 
3732 226.397972 
3733 226.315568 
3734 226.232964 
3735 226.150159 
3736 226.067151 
3737 225.983939 
3738 225.900523 
3739 225.816901 
3740 225.733072 
3741 225.649034 
3742 225.564787 
3743 225.480328 
3744 225.395658 
3745 225.310774 
3746 225.225676 
3747 225.140362 
3748 225.054831 
3749 224.969081 
3750 224.883111 
3751 224.796921 
3752 224.710508 
3753 224.623871 
3754 224.537009 
3755 224.449920 
3756 224.362604 
3757 224.275058 
3758 224.187281 
3759 224.099273 
3760 224.011030 
3761 223.922553 
3762 223.833839 
3763 223.744887 
3764 223.655696 
3765 223.566264 
3766 223.476589 
3767 223.386670 
3768 223.296505 
3769 223.206093 
3770 223.115433 
3771 223.024522 
3772 222.933358 
3773 222.841942 
3774 222.750269 
3775 222.658340 
3776 222.566152 
3777 222.473704 
3778 222.380993 
3779 222.288019 
3780 222.194779 
3781 222.101272 
3782 222.007495 
3783 221.913447 
3784 221.819127 
3785 221.724531 
3786 221.629659 
3787 221.534509 
3788 221.439078 
3789 221.343365 
3790 221.247367 
3791 221.151083 
3792 221.054511 
3793 220.957649 
3794 220.860494 
3795 220.763045 
3796 220.665299 
3797 220.567255 
3798 220.468909 
3799 220.370261 
3800 220.271308 
3801 220.172048 
3802 220.072478 
3803 219.972596 
3804 219.872400 
3805 219.771887 
3806 219.671056 
3807 219.569904 
3808 219.468428 
3809 219.366626 
3810 219.264496 
3811 219.162035 
3812 219.059240 
3813 218.956110 
3814 218.852641 
3815 218.748831 
3816 218.644678 
3817 218.540178 
3818 218.435329 
3819 218.330128 
3820 218.224573 
3821 218.118660 
3822 218.012387 
3823 217.905751 
3824 217.798749 
3825 217.691378 
3826 217.583636 
3827 217.475519 
3828 217.367023 
3829 217.258147 
3830 217.148887 
3831 217.039239 
3832 216.929201 
3833 216.818769 
3834 216.707940 
3835 216.596711 
3836 216.485078 
3837 216.373038 
3838 216.260587 
3839 216.147722 
3840 216.034440 
3841 215.920736 
3842 215.806607 
3843 215.692050 
3844 215.577060 
3845 215.461634 
3846 215.345768 
3847 215.229457 
3848 215.112699 
3849 214.995489 
3850 214.877823 
3851 214.759696 
3852 214.641106 
3853 214.522046 
3854 214.402514 
3855 214.282504 
3856 214.162012 
3857 214.041034 
3858 213.919565 
3859 213.797601 
3860 213.675136 
3861 213.552166 
3862 213.428687 
3863 213.304692 
3864 213.180178 
3865 213.055139 
3866 212.929570 
3867 212.803465 
3868 212.676820 
3869 212.549629 
3870 212.421886 
3871 212.293587 
3872 212.164724 
3873 212.035294 
3874 211.905289 
3875 211.774704 
3876 211.643532 
3877 211.511768 
3878 211.379406 
3879 211.246439 
3880 211.112860 
3881 210.978664 
3882 210.843843 
3883 210.708390 
3884 210.572300 
3885 210.435564 
3886 210.298176 
3887 210.160129 
3888 210.021414 
3889 209.882026 
3890 209.741955 
3891 209.601195 
3892 209.459737 
3893 209.317573 
3894 209.174696 
3895 209.031096 
3896 208.886766 
3897 208.741696 
3898 208.595879 
3899 208.449304 
3900 208.301963 
3901 208.153847 
3902 208.004946 
3903 207.855250 
3904 207.704749 
3905 207.553435 
3906 207.401295 
3907 207.248320 
3908 207.094500 
3909 206.939823 
3910 206.784278 
3911 206.627854 
3912 206.470539 
3913 206.312323 
3914 206.153192 
3915 205.993134 
3916 205.832137 
3917 205.670189 
3918 205.507275 
3919 205.343384 
3920 205.178500 
3921 205.012611 
3922 204.845702 
3923 204.677758 
3924 204.508765 
3925 204.338707 
3926 204.167569 
3927 203.995335 
3928 203.821989 
3929 203.647514 
3930 203.471893 
3931 203.295108 
3932 203.117143 
3933 202.937977 
3934 202.757594 
3935 202.575973 
3936 202.393095 
3937 202.208940 
3938 202.023487 
3939 201.836715 
3940 201.648602 
3941 201.459126 
3942 201.268264 
3943 201.075993 
3944 200.882288 
3945 200.687125 
3946 200.490479 
3947 200.292323 
3948 200.092631 
3949 199.891375 
3950 199.688526 
3951 199.484056 
3952 199.277934 
3953 199.070130 
3954 198.860612 
3955 198.649348 
3956 198.436303 
3957 198.221443 
3958 198.004732 
3959 197.786134 
3960 197.565610 
3961 197.343121 
3962 197.118627 
3963 196.892086 
3964 196.663454 
3965 196.432688 
3966 196.199742 
3967 195.964566 
3968 195.727114 
3969 195.487332 
3970 195.245170 
3971 195.000571 
3972 194.753480 
3973 194.503838 
3974 194.251584 
3975 193.996654 
3976 193.738985 
3977 193.478506 
3978 193.215148 
3979 192.948838 
3980 192.679498 
3981 192.407050 
3982 192.131410 
3983 191.852492 
3984 191.570206 
3985 191.284458 
3986 190.995151 
3987 190.702181 
3988 190.405442 
3989 190.104823 
3990 189.800205 
3991 189.491466 
3992 189.178477 
3993 188.861103 
3994 188.539203 
3995 188.212627 
3996 187.881219 
3997 187.544813 
3998 187.203235 
3999 186.856303 
4000 186.503821 
4001 186.145584 
4002 185.781377 
4003 185.410968 
4004 185.034114 
4005 184.650556 
4006 184.260018 
4007 183.862206 
4008 183.456806 
4009 183.043486 
4010 182.621885 
4011 182.191620 
4012 181.752280 
4013 181.303420 
4014 180.844564 
4015 180.375194 
4016 179.894754 
4017 179.402636 
4018 178.898183 
4019 178.380676 
4020 177.849331 
4021 177.303287 
4022 176.741599 
4023 176.163223 
4024 175.567003 
4025 174.951656 
4026 174.315749 
4027 173.657674 
4028 172.975625 
4029 172.267553 
4030 171.531125 
4031 170.763673 
4032 169.962113 
4033 169.122864 
4034 168.241727 
4035 167.313735 
4036 166.332944 
4037 165.292162 
4038 164.182559 
4039 162.993121 
4040 161.709853 
4041 160.314570 
4042 158.782995 
4043 157.081639 
4044 155.162336 
4045 152.951936 
4046 150.330830 
4047 147.081282 
4048 142.732688 
4049 135.865363 
4050 69.998414 
