0 331.129752 
1 331.107185 
2 331.084615 
3 331.062043 
4 331.039468 
5 331.016891 
6 330.994310 
7 330.971728 
8 330.949142 
9 330.926554 
10 330.903963 
11 330.881369 
12 330.858773 
13 330.836174 
14 330.813572 
15 330.790968 
16 330.768361 
17 330.745751 
18 330.723139 
19 330.700524 
20 330.677906 
21 330.655286 
22 330.632663 
23 330.610037 
24 330.587408 
25 330.564777 
26 330.542143 
27 330.519507 
28 330.496868 
29 330.474226 
30 330.451581 
31 330.428934 
32 330.406283 
33 330.383631 
34 330.360975 
35 330.338317 
36 330.315656 
37 330.292993 
38 330.270326 
39 330.247657 
40 330.224985 
41 330.202311 
42 330.179634 
43 330.156954 
44 330.134271 
45 330.111586 
46 330.088898 
47 330.066207 
48 330.043514 
49 330.020818 
50 329.998119 
51 329.975417 
52 329.952713 
53 329.930006 
54 329.907296 
55 329.884584 
56 329.861868 
57 329.839150 
58 329.816430 
59 329.793706 
60 329.770980 
61 329.748251 
62 329.725519 
63 329.702785 
64 329.680048 
65 329.657308 
66 329.634565 
67 329.611820 
68 329.589072 
69 329.566321 
70 329.543568 
71 329.520811 
72 329.498052 
73 329.475290 
74 329.452526 
75 329.429759 
76 329.406988 
77 329.384216 
78 329.361440 
79 329.338662 
80 329.315881 
81 329.293097 
82 329.270310 
83 329.247521 
84 329.224729 
85 329.201934 
86 329.179136 
87 329.156336 
88 329.133532 
89 329.110727 
90 329.087918 
91 329.065106 
92 329.042292 
93 329.019475 
94 328.996655 
95 328.973833 
96 328.951007 
97 328.928179 
98 328.905348 
99 328.882514 
100 328.859678 
101 328.836839 
102 328.813997 
103 328.791152 
104 328.768304 
105 328.745454 
106 328.722601 
107 328.699745 
108 328.676886 
109 328.654024 
110 328.631160 
111 328.608293 
112 328.585423 
113 328.562550 
114 328.539675 
115 328.516796 
116 328.493915 
117 328.471031 
118 328.448144 
119 328.425255 
120 328.402363 
121 328.379467 
122 328.356569 
123 328.333669 
124 328.310765 
125 328.287859 
126 328.264950 
127 328.242037 
128 328.219123 
129 328.196205 
130 328.173285 
131 328.150361 
132 328.127435 
133 328.104506 
134 328.081575 
135 328.058640 
136 328.035703 
137 328.012762 
138 327.989819 
139 327.966873 
140 327.943925 
141 327.920973 
142 327.898019 
143 327.875062 
144 327.852102 
145 327.829139 
146 327.806173 
147 327.783204 
148 327.760233 
149 327.737259 
150 327.714282 
151 327.691302 
152 327.668319 
153 327.645334 
154 327.622345 
155 327.599354 
156 327.576360 
157 327.553363 
158 327.530363 
159 327.507360 
160 327.484355 
161 327.461346 
162 327.438335 
163 327.415321 
164 327.392304 
165 327.369284 
166 327.346261 
167 327.323236 
168 327.300207 
169 327.277176 
170 327.254142 
171 327.231105 
172 327.208065 
173 327.185022 
174 327.161977 
175 327.138928 
176 327.115877 
177 327.092822 
178 327.069765 
179 327.046705 
180 327.023642 
181 327.000577 
182 326.977508 
183 326.954436 
184 326.931362 
185 326.908285 
186 326.885205 
187 326.862121 
188 326.839035 
189 326.815947 
190 326.792855 
191 326.769760 
192 326.746663 
193 326.723562 
194 326.700459 
195 326.677353 
196 326.654244 
197 326.631132 
198 326.608017 
199 326.584899 
200 326.561778 
201 326.538654 
202 326.515528 
203 326.492398 
204 326.469266 
205 326.446131 
206 326.422992 
207 326.399851 
208 326.376707 
209 326.353560 
210 326.330411 
211 326.307258 
212 326.284102 
213 326.260943 
214 326.237782 
215 326.214617 
216 326.191450 
217 326.168280 
218 326.145106 
219 326.121930 
220 326.098751 
221 326.075569 
222 326.052384 
223 326.029196 
224 326.006005 
225 325.982812 
226 325.959615 
227 325.936415 
228 325.913213 
229 325.890007 
230 325.866799 
231 325.843587 
232 325.820373 
233 325.797156 
234 325.773935 
235 325.750712 
236 325.727486 
237 325.704257 
238 325.681025 
239 325.657790 
240 325.634552 
241 325.611311 
242 325.588067 
243 325.564820 
244 325.541570 
245 325.518317 
246 325.495062 
247 325.471803 
248 325.448541 
249 325.425276 
250 325.402009 
251 325.378738 
252 325.355465 
253 325.332188 
254 325.308909 
255 325.285626 
256 325.262341 
257 325.239052 
258 325.215761 
259 325.192466 
260 325.169169 
261 325.145868 
262 325.122565 
263 325.099259 
264 325.075949 
265 325.052637 
266 325.029322 
267 325.006003 
268 324.982682 
269 324.959358 
270 324.936030 
271 324.912700 
272 324.889367 
273 324.866030 
274 324.842691 
275 324.819349 
276 324.796004 
277 324.772655 
278 324.749304 
279 324.725950 
280 324.702592 
281 324.679232 
282 324.655868 
283 324.632502 
284 324.609133 
285 324.585760 
286 324.562385 
287 324.539006 
288 324.515625 
289 324.492240 
290 324.468853 
291 324.445462 
292 324.422069 
293 324.398672 
294 324.375272 
295 324.351870 
296 324.328464 
297 324.305055 
298 324.281643 
299 324.258229 
300 324.234811 
301 324.211390 
302 324.187966 
303 324.164539 
304 324.141109 
305 324.117676 
306 324.094240 
307 324.070801 
308 324.047359 
309 324.023913 
310 324.000465 
311 323.977014 
312 323.953559 
313 323.930102 
314 323.906641 
315 323.883178 
316 323.859711 
317 323.836241 
318 323.812769 
319 323.789293 
320 323.765814 
321 323.742332 
322 323.718847 
323 323.695359 
324 323.671868 
325 323.648373 
326 323.624876 
327 323.601376 
328 323.577872 
329 323.554366 
330 323.530856 
331 323.507343 
332 323.483828 
333 323.460309 
334 323.436787 
335 323.413262 
336 323.389734 
337 323.366202 
338 323.342668 
339 323.319131 
340 323.295590 
341 323.272047 
342 323.248500 
343 323.224950 
344 323.201397 
345 323.177841 
346 323.154282 
347 323.130720 
348 323.107155 
349 323.083586 
350 323.060015 
351 323.036440 
352 323.012862 
353 322.989282 
354 322.965698 
355 322.942111 
356 322.918520 
357 322.894927 
358 322.871331 
359 322.847731 
360 322.824128 
361 322.800523 
362 322.776914 
363 322.753302 
364 322.729687 
365 322.706068 
366 322.682447 
367 322.658822 
368 322.635195 
369 322.611564 
370 322.587930 
371 322.564293 
372 322.540652 
373 322.517009 
374 322.493362 
375 322.469713 
376 322.446060 
377 322.422404 
378 322.398745 
379 322.375083 
380 322.351417 
381 322.327749 
382 322.304077 
383 322.280402 
384 322.256724 
385 322.233043 
386 322.209359 
387 322.185671 
388 322.161980 
389 322.138287 
390 322.114590 
391 322.090889 
392 322.067186 
393 322.043480 
394 322.019770 
395 321.996057 
396 321.972341 
397 321.948622 
398 321.924899 
399 321.901174 
400 321.877445 
401 321.853713 
402 321.829978 
403 321.806240 
404 321.782498 
405 321.758754 
406 321.735006 
407 321.711255 
408 321.687500 
409 321.663743 
410 321.639982 
411 321.616219 
412 321.592452 
413 321.568681 
414 321.544908 
415 321.521131 
416 321.497351 
417 321.473568 
418 321.449782 
419 321.425993 
420 321.402200 
421 321.378404 
422 321.354605 
423 321.330803 
424 321.306997 
425 321.283189 
426 321.259377 
427 321.235561 
428 321.211743 
429 321.187921 
430 321.164096 
431 321.140268 
432 321.116437 
433 321.092603 
434 321.068765 
435 321.044924 
436 321.021080 
437 320.997232 
438 320.973381 
439 320.949527 
440 320.925670 
441 320.901810 
442 320.877946 
443 320.854079 
444 320.830209 
445 320.806336 
446 320.782459 
447 320.758579 
448 320.734696 
449 320.710809 
450 320.686920 
451 320.663027 
452 320.639131 
453 320.615231 
454 320.591328 
455 320.567422 
456 320.543513 
457 320.519601 
458 320.495685 
459 320.471766 
460 320.447844 
461 320.423918 
462 320.399989 
463 320.376057 
464 320.352121 
465 320.328183 
466 320.304241 
467 320.280295 
468 320.256347 
469 320.232395 
470 320.208440 
471 320.184482 
472 320.160520 
473 320.136555 
474 320.112587 
475 320.088615 
476 320.064640 
477 320.040662 
478 320.016680 
479 319.992696 
480 319.968708 
481 319.944716 
482 319.920721 
483 319.896723 
484 319.872722 
485 319.848718 
486 319.824710 
487 319.800698 
488 319.776684 
489 319.752666 
490 319.728645 
491 319.704620 
492 319.680592 
493 319.656561 
494 319.632527 
495 319.608489 
496 319.584448 
497 319.560403 
498 319.536355 
499 319.512304 
500 319.488250 
501 319.464192 
502 319.440131 
503 319.416066 
504 319.391999 
505 319.367927 
506 319.343853 
507 319.319775 
508 319.295694 
509 319.271609 
510 319.247521 
511 319.223430 
512 319.199336 
513 319.175238 
514 319.151136 
515 319.127032 
516 319.102924 
517 319.078812 
518 319.054697 
519 319.030579 
520 319.006458 
521 318.982333 
522 318.958205 
523 318.934073 
524 318.909938 
525 318.885800 
526 318.861658 
527 318.837513 
528 318.813364 
529 318.789213 
530 318.765057 
531 318.740899 
532 318.716737 
533 318.692571 
534 318.668402 
535 318.644230 
536 318.620055 
537 318.595876 
538 318.571693 
539 318.547508 
540 318.523318 
541 318.499126 
542 318.474930 
543 318.450730 
544 318.426528 
545 318.402321 
546 318.378112 
547 318.353899 
548 318.329682 
549 318.305463 
550 318.281239 
551 318.257013 
552 318.232783 
553 318.208549 
554 318.184312 
555 318.160072 
556 318.135828 
557 318.111581 
558 318.087330 
559 318.063076 
560 318.038819 
561 318.014558 
562 317.990293 
563 317.966025 
564 317.941754 
565 317.917479 
566 317.893201 
567 317.868920 
568 317.844635 
569 317.820346 
570 317.796054 
571 317.771759 
572 317.747460 
573 317.723158 
574 317.698852 
575 317.674543 
576 317.650230 
577 317.625914 
578 317.601595 
579 317.577272 
580 317.552945 
581 317.528615 
582 317.504282 
583 317.479945 
584 317.455604 
585 317.431260 
586 317.406913 
587 317.382562 
588 317.358208 
589 317.333850 
590 317.309489 
591 317.285124 
592 317.260756 
593 317.236384 
594 317.212009 
595 317.187630 
596 317.163248 
597 317.138862 
598 317.114473 
599 317.090080 
600 317.065684 
601 317.041285 
602 317.016881 
603 316.992475 
604 316.968064 
605 316.943651 
606 316.919234 
607 316.894813 
608 316.870389 
609 316.845961 
610 316.821529 
611 316.797095 
612 316.772656 
613 316.748214 
614 316.723769 
615 316.699320 
616 316.674868 
617 316.650412 
618 316.625952 
619 316.601489 
620 316.577023 
621 316.552553 
622 316.528079 
623 316.503602 
624 316.479121 
625 316.454637 
626 316.430149 
627 316.405658 
628 316.381163 
629 316.356664 
630 316.332162 
631 316.307657 
632 316.283147 
633 316.258635 
634 316.234119 
635 316.209599 
636 316.185075 
637 316.160548 
638 316.136018 
639 316.111484 
640 316.086946 
641 316.062405 
642 316.037860 
643 316.013312 
644 315.988760 
645 315.964204 
646 315.939645 
647 315.915083 
648 315.890516 
649 315.865946 
650 315.841373 
651 315.816796 
652 315.792215 
653 315.767631 
654 315.743043 
655 315.718452 
656 315.693857 
657 315.669258 
658 315.644656 
659 315.620050 
660 315.595441 
661 315.570828 
662 315.546211 
663 315.521591 
664 315.496967 
665 315.472340 
666 315.447708 
667 315.423074 
668 315.398435 
669 315.373793 
670 315.349148 
671 315.324499 
672 315.299846 
673 315.275189 
674 315.250529 
675 315.225865 
676 315.201198 
677 315.176527 
678 315.151852 
679 315.127174 
680 315.102492 
681 315.077806 
682 315.053117 
683 315.028424 
684 315.003728 
685 314.979028 
686 314.954324 
687 314.929616 
688 314.904905 
689 314.880190 
690 314.855472 
691 314.830750 
692 314.806024 
693 314.781294 
694 314.756561 
695 314.731824 
696 314.707084 
697 314.682340 
698 314.657592 
699 314.632841 
700 314.608085 
701 314.583326 
702 314.558564 
703 314.533798 
704 314.509028 
705 314.484254 
706 314.459477 
707 314.434696 
708 314.409911 
709 314.385123 
710 314.360331 
711 314.335535 
712 314.310735 
713 314.285932 
714 314.261125 
715 314.236315 
716 314.211500 
717 314.186682 
718 314.161860 
719 314.137035 
720 314.112206 
721 314.087373 
722 314.062536 
723 314.037696 
724 314.012852 
725 313.988004 
726 313.963152 
727 313.938297 
728 313.913438 
729 313.888575 
730 313.863709 
731 313.838839 
732 313.813965 
733 313.789087 
734 313.764206 
735 313.739321 
736 313.714432 
737 313.689539 
738 313.664643 
739 313.639742 
740 313.614838 
741 313.589931 
742 313.565019 
743 313.540104 
744 313.515185 
745 313.490262 
746 313.465336 
747 313.440405 
748 313.415471 
749 313.390534 
750 313.365592 
751 313.340647 
752 313.315697 
753 313.290744 
754 313.265788 
755 313.240827 
756 313.215863 
757 313.190895 
758 313.165923 
759 313.140947 
760 313.115968 
761 313.090984 
762 313.065997 
763 313.041007 
764 313.016012 
765 312.991013 
766 312.966011 
767 312.941005 
768 312.915995 
769 312.890981 
770 312.865964 
771 312.840943 
772 312.815917 
773 312.790888 
774 312.765856 
775 312.740819 
776 312.715778 
777 312.690734 
778 312.665686 
779 312.640634 
780 312.615578 
781 312.590519 
782 312.565455 
783 312.540388 
784 312.515317 
785 312.490242 
786 312.465163 
787 312.440080 
788 312.414994 
789 312.389903 
790 312.364809 
791 312.339711 
792 312.314609 
793 312.289503 
794 312.264394 
795 312.239280 
796 312.214163 
797 312.189041 
798 312.163916 
799 312.138787 
800 312.113654 
801 312.088517 
802 312.063377 
803 312.038232 
804 312.013084 
805 311.987932 
806 311.962775 
807 311.937615 
808 311.912451 
809 311.887283 
810 311.862112 
811 311.836936 
812 311.811757 
813 311.786573 
814 311.761386 
815 311.736194 
816 311.710999 
817 311.685800 
818 311.660597 
819 311.635390 
820 311.610179 
821 311.584965 
822 311.559746 
823 311.534523 
824 311.509297 
825 311.484067 
826 311.458832 
827 311.433594 
828 311.408352 
829 311.383106 
830 311.357855 
831 311.332601 
832 311.307343 
833 311.282081 
834 311.256816 
835 311.231546 
836 311.206272 
837 311.180994 
838 311.155713 
839 311.130427 
840 311.105138 
841 311.079844 
842 311.054546 
843 311.029245 
844 311.003940 
845 310.978630 
846 310.953317 
847 310.928000 
848 310.902678 
849 310.877353 
850 310.852024 
851 310.826690 
852 310.801353 
853 310.776012 
854 310.750667 
855 310.725318 
856 310.699964 
857 310.674607 
858 310.649246 
859 310.623881 
860 310.598512 
861 310.573139 
862 310.547761 
863 310.522380 
864 310.496995 
865 310.471606 
866 310.446213 
867 310.420816 
868 310.395414 
869 310.370009 
870 310.344600 
871 310.319186 
872 310.293769 
873 310.268348 
874 310.242922 
875 310.217493 
876 310.192060 
877 310.166622 
878 310.141181 
879 310.115735 
880 310.090285 
881 310.064832 
882 310.039374 
883 310.013912 
884 309.988447 
885 309.962977 
886 309.937503 
887 309.912025 
888 309.886543 
889 309.861057 
890 309.835567 
891 309.810072 
892 309.784574 
893 309.759072 
894 309.733565 
895 309.708055 
896 309.682540 
897 309.657022 
898 309.631499 
899 309.605972 
900 309.580441 
901 309.554906 
902 309.529367 
903 309.503824 
904 309.478276 
905 309.452725 
906 309.427170 
907 309.401610 
908 309.376046 
909 309.350479 
910 309.324907 
911 309.299331 
912 309.273751 
913 309.248166 
914 309.222578 
915 309.196985 
916 309.171389 
917 309.145788 
918 309.120183 
919 309.094574 
920 309.068961 
921 309.043344 
922 309.017723 
923 308.992097 
924 308.966467 
925 308.940834 
926 308.915196 
927 308.889554 
928 308.863907 
929 308.838257 
930 308.812602 
931 308.786944 
932 308.761281 
933 308.735614 
934 308.709943 
935 308.684267 
936 308.658588 
937 308.632904 
938 308.607216 
939 308.581524 
940 308.555828 
941 308.530128 
942 308.504423 
943 308.478714 
944 308.453001 
945 308.427284 
946 308.401563 
947 308.375838 
948 308.350108 
949 308.324374 
950 308.298636 
951 308.272894 
952 308.247147 
953 308.221396 
954 308.195642 
955 308.169882 
956 308.144119 
957 308.118352 
958 308.092580 
959 308.066804 
960 308.041024 
961 308.015239 
962 307.989450 
963 307.963658 
964 307.937860 
965 307.912059 
966 307.886254 
967 307.860444 
968 307.834630 
969 307.808811 
970 307.782989 
971 307.757162 
972 307.731331 
973 307.705496 
974 307.679656 
975 307.653812 
976 307.627964 
977 307.602112 
978 307.576255 
979 307.550394 
980 307.524529 
981 307.498660 
982 307.472786 
983 307.446908 
984 307.421026 
985 307.395139 
986 307.369248 
987 307.343353 
988 307.317454 
989 307.291550 
990 307.265642 
991 307.239730 
992 307.213814 
993 307.187893 
994 307.161968 
995 307.136038 
996 307.110104 
997 307.084166 
998 307.058224 
999 307.032277 
1000 307.006326 
1001 306.980371 
1002 306.954411 
1003 306.928447 
1004 306.902479 
1005 306.876506 
1006 306.850529 
1007 306.824548 
1008 306.798562 
1009 306.772572 
1010 306.746578 
1011 306.720579 
1012 306.694576 
1013 306.668569 
1014 306.642557 
1015 306.616541 
1016 306.590521 
1017 306.564496 
1018 306.538467 
1019 306.512433 
1020 306.486395 
1021 306.460353 
1022 306.434306 
1023 306.408255 
1024 306.382200 
1025 306.356140 
1026 306.330076 
1027 306.304008 
1028 306.277935 
1029 306.251857 
1030 306.225776 
1031 306.199690 
1032 306.173599 
1033 306.147504 
1034 306.121405 
1035 306.095301 
1036 306.069193 
1037 306.043081 
1038 306.016964 
1039 305.990843 
1040 305.964717 
1041 305.938587 
1042 305.912452 
1043 305.886313 
1044 305.860170 
1045 305.834022 
1046 305.807870 
1047 305.781713 
1048 305.755552 
1049 305.729387 
1050 305.703217 
1051 305.677042 
1052 305.650863 
1053 305.624680 
1054 305.598492 
1055 305.572300 
1056 305.546103 
1057 305.519902 
1058 305.493697 
1059 305.467486 
1060 305.441272 
1061 305.415053 
1062 305.388829 
1063 305.362602 
1064 305.336369 
1065 305.310132 
1066 305.283891 
1067 305.257645 
1068 305.231395 
1069 305.205140 
1070 305.178880 
1071 305.152617 
1072 305.126348 
1073 305.100075 
1074 305.073798 
1075 305.047516 
1076 305.021230 
1077 304.994939 
1078 304.968644 
1079 304.942344 
1080 304.916040 
1081 304.889731 
1082 304.863417 
1083 304.837099 
1084 304.810777 
1085 304.784450 
1086 304.758118 
1087 304.731782 
1088 304.705442 
1089 304.679096 
1090 304.652747 
1091 304.626393 
1092 304.600034 
1093 304.573670 
1094 304.547303 
1095 304.520930 
1096 304.494553 
1097 304.468172 
1098 304.441785 
1099 304.415395 
1100 304.388999 
1101 304.362600 
1102 304.336195 
1103 304.309786 
1104 304.283373 
1105 304.256955 
1106 304.230532 
1107 304.204104 
1108 304.177673 
1109 304.151236 
1110 304.124795 
1111 304.098349 
1112 304.071899 
1113 304.045444 
1114 304.018985 
1115 303.992520 
1116 303.966052 
1117 303.939578 
1118 303.913100 
1119 303.886618 
1120 303.860131 
1121 303.833639 
1122 303.807142 
1123 303.780641 
1124 303.754136 
1125 303.727625 
1126 303.701110 
1127 303.674591 
1128 303.648066 
1129 303.621537 
1130 303.595004 
1131 303.568466 
1132 303.541923 
1133 303.515375 
1134 303.488823 
1135 303.462266 
1136 303.435705 
1137 303.409139 
1138 303.382568 
1139 303.355992 
1140 303.329412 
1141 303.302827 
1142 303.276237 
1143 303.249643 
1144 303.223044 
1145 303.196441 
1146 303.169832 
1147 303.143219 
1148 303.116602 
1149 303.089979 
1150 303.063352 
1151 303.036720 
1152 303.010084 
1153 302.983442 
1154 302.956796 
1155 302.930146 
1156 302.903490 
1157 302.876830 
1158 302.850165 
1159 302.823496 
1160 302.796821 
1161 302.770142 
1162 302.743459 
1163 302.716770 
1164 302.690077 
1165 302.663379 
1166 302.636676 
1167 302.609969 
1168 302.583256 
1169 302.556539 
1170 302.529817 
1171 302.503091 
1172 302.476360 
1173 302.449624 
1174 302.422883 
1175 302.396137 
1176 302.369387 
1177 302.342632 
1178 302.315872 
1179 302.289107 
1180 302.262337 
1181 302.235563 
1182 302.208784 
1183 302.182000 
1184 302.155211 
1185 302.128418 
1186 302.101619 
1187 302.074816 
1188 302.048008 
1189 302.021196 
1190 301.994378 
1191 301.967556 
1192 301.940728 
1193 301.913896 
1194 301.887059 
1195 301.860218 
1196 301.833371 
1197 301.806520 
1198 301.779664 
1199 301.752803 
1200 301.725937 
1201 301.699066 
1202 301.672190 
1203 301.645310 
1204 301.618425 
1205 301.591535 
1206 301.564639 
1207 301.537740 
1208 301.510835 
1209 301.483925 
1210 301.457011 
1211 301.430091 
1212 301.403167 
1213 301.376238 
1214 301.349304 
1215 301.322365 
1216 301.295421 
1217 301.268472 
1218 301.241519 
1219 301.214560 
1220 301.187597 
1221 301.160629 
1222 301.133655 
1223 301.106677 
1224 301.079694 
1225 301.052706 
1226 301.025713 
1227 300.998716 
1228 300.971713 
1229 300.944705 
1230 300.917693 
1231 300.890675 
1232 300.863653 
1233 300.836625 
1234 300.809593 
1235 300.782555 
1236 300.755513 
1237 300.728466 
1238 300.701414 
1239 300.674357 
1240 300.647295 
1241 300.620227 
1242 300.593155 
1243 300.566078 
1244 300.538996 
1245 300.511909 
1246 300.484818 
1247 300.457721 
1248 300.430619 
1249 300.403512 
1250 300.376400 
1251 300.349283 
1252 300.322161 
1253 300.295034 
1254 300.267902 
1255 300.240765 
1256 300.213623 
1257 300.186477 
1258 300.159325 
1259 300.132168 
1260 300.105006 
1261 300.077839 
1262 300.050666 
1263 300.023489 
1264 299.996307 
1265 299.969120 
1266 299.941928 
1267 299.914731 
1268 299.887528 
1269 299.860321 
1270 299.833109 
1271 299.805891 
1272 299.778669 
1273 299.751441 
1274 299.724208 
1275 299.696971 
1276 299.669728 
1277 299.642480 
1278 299.615227 
1279 299.587969 
1280 299.560706 
1281 299.533438 
1282 299.506164 
1283 299.478886 
1284 299.451602 
1285 299.424314 
1286 299.397020 
1287 299.369721 
1288 299.342417 
1289 299.315108 
1290 299.287794 
1291 299.260475 
1292 299.233150 
1293 299.205821 
1294 299.178486 
1295 299.151146 
1296 299.123802 
1297 299.096451 
1298 299.069096 
1299 299.041736 
1300 299.014370 
1301 298.987000 
1302 298.959624 
1303 298.932243 
1304 298.904857 
1305 298.877466 
1306 298.850069 
1307 298.822667 
1308 298.795261 
1309 298.767849 
1310 298.740432 
1311 298.713009 
1312 298.685582 
1313 298.658149 
1314 298.630711 
1315 298.603268 
1316 298.575820 
1317 298.548366 
1318 298.520907 
1319 298.493443 
1320 298.465974 
1321 298.438500 
1322 298.411020 
1323 298.383535 
1324 298.356045 
1325 298.328550 
1326 298.301050 
1327 298.273544 
1328 298.246033 
1329 298.218517 
1330 298.190995 
1331 298.163468 
1332 298.135936 
1333 298.108399 
1334 298.080857 
1335 298.053309 
1336 298.025756 
1337 297.998198 
1338 297.970634 
1339 297.943065 
1340 297.915491 
1341 297.887912 
1342 297.860327 
1343 297.832737 
1344 297.805142 
1345 297.777541 
1346 297.749936 
1347 297.722324 
1348 297.694708 
1349 297.667086 
1350 297.639459 
1351 297.611827 
1352 297.584189 
1353 297.556546 
1354 297.528898 
1355 297.501244 
1356 297.473585 
1357 297.445920 
1358 297.418251 
1359 297.390576 
1360 297.362895 
1361 297.335210 
1362 297.307519 
1363 297.279822 
1364 297.252120 
1365 297.224413 
1366 297.196701 
1367 297.168983 
1368 297.141259 
1369 297.113531 
1370 297.085797 
1371 297.058057 
1372 297.030312 
1373 297.002562 
1374 296.974807 
1375 296.947046 
1376 296.919279 
1377 296.891508 
1378 296.863730 
1379 296.835948 
1380 296.808160 
1381 296.780366 
1382 296.752567 
1383 296.724763 
1384 296.696953 
1385 296.669138 
1386 296.641318 
1387 296.613492 
1388 296.585660 
1389 296.557823 
1390 296.529981 
1391 296.502133 
1392 296.474280 
1393 296.446421 
1394 296.418557 
1395 296.390687 
1396 296.362812 
1397 296.334931 
1398 296.307045 
1399 296.279154 
1400 296.251257 
1401 296.223354 
1402 296.195446 
1403 296.167533 
1404 296.139614 
1405 296.111689 
1406 296.083759 
1407 296.055824 
1408 296.027883 
1409 295.999936 
1410 295.971984 
1411 295.944026 
1412 295.916063 
1413 295.888095 
1414 295.860120 
1415 295.832141 
1416 295.804155 
1417 295.776165 
1418 295.748168 
1419 295.720166 
1420 295.692159 
1421 295.664146 
1422 295.636127 
1423 295.608103 
1424 295.580073 
1425 295.552038 
1426 295.523997 
1427 295.495951 
1428 295.467899 
1429 295.439841 
1430 295.411778 
1431 295.383709 
1432 295.355635 
1433 295.327555 
1434 295.299469 
1435 295.271378 
1436 295.243281 
1437 295.215178 
1438 295.187070 
1439 295.158957 
1440 295.130837 
1441 295.102712 
1442 295.074582 
1443 295.046445 
1444 295.018304 
1445 294.990156 
1446 294.962003 
1447 294.933844 
1448 294.905680 
1449 294.877509 
1450 294.849334 
1451 294.821152 
1452 294.792965 
1453 294.764772 
1454 294.736574 
1455 294.708369 
1456 294.680159 
1457 294.651944 
1458 294.623723 
1459 294.595496 
1460 294.567263 
1461 294.539025 
1462 294.510780 
1463 294.482531 
1464 294.454275 
1465 294.426014 
1466 294.397747 
1467 294.369474 
1468 294.341196 
1469 294.312912 
1470 294.284622 
1471 294.256326 
1472 294.228025 
1473 294.199718 
1474 294.171405 
1475 294.143086 
1476 294.114762 
1477 294.086431 
1478 294.058095 
1479 294.029754 
1480 294.001406 
1481 293.973053 
1482 293.944694 
1483 293.916329 
1484 293.887958 
1485 293.859582 
1486 293.831200 
1487 293.802811 
1488 293.774418 
1489 293.746018 
1490 293.717612 
1491 293.689201 
1492 293.660784 
1493 293.632361 
1494 293.603932 
1495 293.575498 
1496 293.547057 
1497 293.518611 
1498 293.490159 
1499 293.461700 
1500 293.433237 
1501 293.404767 
1502 293.376291 
1503 293.347810 
1504 293.319322 
1505 293.290829 
1506 293.262330 
1507 293.233825 
1508 293.205314 
1509 293.176798 
1510 293.148275 
1511 293.119746 
1512 293.091212 
1513 293.062672 
1514 293.034125 
1515 293.005573 
1516 292.977015 
1517 292.948451 
1518 292.919881 
1519 292.891305 
1520 292.862723 
1521 292.834135 
1522 292.805542 
1523 292.776942 
1524 292.748337 
1525 292.719725 
1526 292.691107 
1527 292.662484 
1528 292.633855 
1529 292.605219 
1530 292.576578 
1531 292.547930 
1532 292.519277 
1533 292.490618 
1534 292.461952 
1535 292.433281 
1536 292.404604 
1537 292.375920 
1538 292.347231 
1539 292.318536 
1540 292.289834 
1541 292.261127 
1542 292.232414 
1543 292.203694 
1544 292.174969 
1545 292.146237 
1546 292.117500 
1547 292.088756 
1548 292.060007 
1549 292.031251 
1550 292.002489 
1551 291.973721 
1552 291.944948 
1553 291.916168 
1554 291.887382 
1555 291.858590 
1556 291.829791 
1557 291.800987 
1558 291.772177 
1559 291.743360 
1560 291.714538 
1561 291.685709 
1562 291.656874 
1563 291.628034 
1564 291.599187 
1565 291.570334 
1566 291.541474 
1567 291.512609 
1568 291.483738 
1569 291.454860 
1570 291.425976 
1571 291.397086 
1572 291.368190 
1573 291.339288 
1574 291.310380 
1575 291.281465 
1576 291.252545 
1577 291.223618 
1578 291.194685 
1579 291.165746 
1580 291.136800 
1581 291.107849 
1582 291.078891 
1583 291.049927 
1584 291.020957 
1585 290.991981 
1586 290.962998 
1587 290.934009 
1588 290.905014 
1589 290.876013 
1590 290.847006 
1591 290.817992 
1592 290.788972 
1593 290.759946 
1594 290.730914 
1595 290.701875 
1596 290.672830 
1597 290.643779 
1598 290.614722 
1599 290.585658 
1600 290.556588 
1601 290.527512 
1602 290.498430 
1603 290.469341 
1604 290.440246 
1605 290.411145 
1606 290.382037 
1607 290.352923 
1608 290.323803 
1609 290.294676 
1610 290.265543 
1611 290.236404 
1612 290.207259 
1613 290.178107 
1614 290.148949 
1615 290.119784 
1616 290.090614 
1617 290.061437 
1618 290.032253 
1619 290.003063 
1620 289.973867 
1621 289.944664 
1622 289.915456 
1623 289.886240 
1624 289.857019 
1625 289.827791 
1626 289.798556 
1627 289.769315 
1628 289.740068 
1629 289.710814 
1630 289.681554 
1631 289.652288 
1632 289.623015 
1633 289.593736 
1634 289.564450 
1635 289.535158 
1636 289.505860 
1637 289.476555 
1638 289.447243 
1639 289.417926 
1640 289.388601 
1641 289.359271 
1642 289.329933 
1643 289.300590 
1644 289.271240 
1645 289.241883 
1646 289.212520 
1647 289.183150 
1648 289.153774 
1649 289.124392 
1650 289.095003 
1651 289.065608 
1652 289.036206 
1653 289.006797 
1654 288.977382 
1655 288.947960 
1656 288.918532 
1657 288.889098 
1658 288.859657 
1659 288.830209 
1660 288.800755 
1661 288.771294 
1662 288.741827 
1663 288.712353 
1664 288.682873 
1665 288.653386 
1666 288.623892 
1667 288.594392 
1668 288.564886 
1669 288.535372 
1670 288.505853 
1671 288.476326 
1672 288.446793 
1673 288.417254 
1674 288.387707 
1675 288.358155 
1676 288.328595 
1677 288.299029 
1678 288.269456 
1679 288.239877 
1680 288.210291 
1681 288.180699 
1682 288.151099 
1683 288.121494 
1684 288.091881 
1685 288.062262 
1686 288.032636 
1687 288.003004 
1688 287.973364 
1689 287.943718 
1690 287.914066 
1691 287.884407 
1692 287.854741 
1693 287.825068 
1694 287.795389 
1695 287.765703 
1696 287.736010 
1697 287.706311 
1698 287.676605 
1699 287.646892 
1700 287.617172 
1701 287.587446 
1702 287.557713 
1703 287.527973 
1704 287.498226 
1705 287.468473 
1706 287.438713 
1707 287.408946 
1708 287.379172 
1709 287.349392 
1710 287.319605 
1711 287.289811 
1712 287.260010 
1713 287.230203 
1714 287.200388 
1715 287.170567 
1716 287.140739 
1717 287.110904 
1718 287.081063 
1719 287.051214 
1720 287.021359 
1721 286.991497 
1722 286.961628 
1723 286.931752 
1724 286.901870 
1725 286.871980 
1726 286.842084 
1727 286.812181 
1728 286.782271 
1729 286.752354 
1730 286.722430 
1731 286.692499 
1732 286.662562 
1733 286.632617 
1734 286.602666 
1735 286.572708 
1736 286.542743 
1737 286.512771 
1738 286.482792 
1739 286.452806 
1740 286.422813 
1741 286.392813 
1742 286.362806 
1743 286.332793 
1744 286.302772 
1745 286.272744 
1746 286.242710 
1747 286.212668 
1748 286.182620 
1749 286.152564 
1750 286.122502 
1751 286.092432 
1752 286.062356 
1753 286.032273 
1754 286.002182 
1755 285.972085 
1756 285.941980 
1757 285.911869 
1758 285.881750 
1759 285.851625 
1760 285.821492 
1761 285.791353 
1762 285.761206 
1763 285.731053 
1764 285.700892 
1765 285.670724 
1766 285.640549 
1767 285.610367 
1768 285.580178 
1769 285.549982 
1770 285.519779 
1771 285.489569 
1772 285.459351 
1773 285.429127 
1774 285.398896 
1775 285.368657 
1776 285.338411 
1777 285.308158 
1778 285.277898 
1779 285.247631 
1780 285.217357 
1781 285.187075 
1782 285.156787 
1783 285.126491 
1784 285.096188 
1785 285.065878 
1786 285.035561 
1787 285.005236 
1788 284.974905 
1789 284.944566 
1790 284.914220 
1791 284.883867 
1792 284.853506 
1793 284.823139 
1794 284.792764 
1795 284.762382 
1796 284.731993 
1797 284.701596 
1798 284.671192 
1799 284.640781 
1800 284.610363 
1801 284.579938 
1802 284.549505 
1803 284.519065 
1804 284.488618 
1805 284.458163 
1806 284.427701 
1807 284.397232 
1808 284.366756 
1809 284.336272 
1810 284.305781 
1811 284.275283 
1812 284.244777 
1813 284.214264 
1814 284.183744 
1815 284.153216 
1816 284.122681 
1817 284.092139 
1818 284.061590 
1819 284.031033 
1820 284.000468 
1821 283.969897 
1822 283.939318 
1823 283.908731 
1824 283.878137 
1825 283.847536 
1826 283.816927 
1827 283.786311 
1828 283.755688 
1829 283.725057 
1830 283.694419 
1831 283.663773 
1832 283.633120 
1833 283.602460 
1834 283.571792 
1835 283.541116 
1836 283.510434 
1837 283.479743 
1838 283.449046 
1839 283.418340 
1840 283.387628 
1841 283.356908 
1842 283.326180 
1843 283.295445 
1844 283.264702 
1845 283.233952 
1846 283.203194 
1847 283.172429 
1848 283.141656 
1849 283.110876 
1850 283.080088 
1851 283.049293 
1852 283.018490 
1853 282.987680 
1854 282.956862 
1855 282.926037 
1856 282.895204 
1857 282.864363 
1858 282.833515 
1859 282.802659 
1860 282.771796 
1861 282.740925 
1862 282.710046 
1863 282.679160 
1864 282.648266 
1865 282.617365 
1866 282.586456 
1867 282.555539 
1868 282.524615 
1869 282.493683 
1870 282.462743 
1871 282.431796 
1872 282.400841 
1873 282.369879 
1874 282.338908 
1875 282.307930 
1876 282.276945 
1877 282.245952 
1878 282.214951 
1879 282.183942 
1880 282.152925 
1881 282.121901 
1882 282.090869 
1883 282.059830 
1884 282.028783 
1885 281.997728 
1886 281.966665 
1887 281.935594 
1888 281.904516 
1889 281.873430 
1890 281.842336 
1891 281.811234 
1892 281.780125 
1893 281.749008 
1894 281.717883 
1895 281.686750 
1896 281.655610 
1897 281.624461 
1898 281.593305 
1899 281.562141 
1900 281.530969 
1901 281.499789 
1902 281.468602 
1903 281.437406 
1904 281.406203 
1905 281.374992 
1906 281.343773 
1907 281.312546 
1908 281.281312 
1909 281.250069 
1910 281.218818 
1911 281.187560 
1912 281.156294 
1913 281.125019 
1914 281.093737 
1915 281.062447 
1916 281.031149 
1917 280.999843 
1918 280.968529 
1919 280.937207 
1920 280.905878 
1921 280.874540 
1922 280.843194 
1923 280.811840 
1924 280.780479 
1925 280.749109 
1926 280.717731 
1927 280.686346 
1928 280.654952 
1929 280.623550 
1930 280.592140 
1931 280.560723 
1932 280.529297 
1933 280.497863 
1934 280.466421 
1935 280.434971 
1936 280.403513 
1937 280.372047 
1938 280.340573 
1939 280.309091 
1940 280.277600 
1941 280.246102 
1942 280.214595 
1943 280.183081 
1944 280.151558 
1945 280.120027 
1946 280.088488 
1947 280.056941 
1948 280.025386 
1949 279.993823 
1950 279.962251 
1951 279.930671 
1952 279.899083 
1953 279.867487 
1954 279.835883 
1955 279.804271 
1956 279.772650 
1957 279.741021 
1958 279.709384 
1959 279.677739 
1960 279.646086 
1961 279.614424 
1962 279.582754 
1963 279.551076 
1964 279.519390 
1965 279.487695 
1966 279.455992 
1967 279.424281 
1968 279.392562 
1969 279.360834 
1970 279.329098 
1971 279.297354 
1972 279.265601 
1973 279.233840 
1974 279.202071 
1975 279.170293 
1976 279.138508 
1977 279.106713 
1978 279.074911 
1979 279.043100 
1980 279.011281 
1981 278.979453 
1982 278.947617 
1983 278.915773 
1984 278.883920 
1985 278.852059 
1986 278.820190 
1987 278.788312 
1988 278.756425 
1989 278.724531 
1990 278.692627 
1991 278.660716 
1992 278.628796 
1993 278.596867 
1994 278.564930 
1995 278.532985 
1996 278.501031 
1997 278.469069 
1998 278.437098 
1999 278.405119 
2000 278.373131 
2001 278.341135 
2002 278.309130 
2003 278.277117 
2004 278.245095 
2005 278.213064 
2006 278.181025 
2007 278.148978 
2008 278.116922 
2009 278.084857 
2010 278.052784 
2011 278.020703 
2012 277.988612 
2013 277.956514 
2014 277.924406 
2015 277.892290 
2016 277.860165 
2017 277.828032 
2018 277.795890 
2019 277.763740 
2020 277.731580 
2021 277.699413 
2022 277.667236 
2023 277.635051 
2024 277.602857 
2025 277.570655 
2026 277.538444 
2027 277.506224 
2028 277.473995 
2029 277.441758 
2030 277.409512 
2031 277.377257 
2032 277.344994 
2033 277.312722 
2034 277.280441 
2035 277.248151 
2036 277.215853 
2037 277.183546 
2038 277.151230 
2039 277.118905 
2040 277.086572 
2041 277.054229 
2042 277.021878 
2043 276.989519 
2044 276.957150 
2045 276.924772 
2046 276.892386 
2047 276.859991 
2048 276.827587 
2049 276.795174 
2050 276.762752 
2051 276.730322 
2052 276.697882 
2053 276.665434 
2054 276.632977 
2055 276.600510 
2056 276.568035 
2057 276.535551 
2058 276.503059 
2059 276.470557 
2060 276.438046 
2061 276.405526 
2062 276.372998 
2063 276.340460 
2064 276.307913 
2065 276.275358 
2066 276.242793 
2067 276.210220 
2068 276.177637 
2069 276.145046 
2070 276.112445 
2071 276.079836 
2072 276.047217 
2073 276.014590 
2074 275.981953 
2075 275.949307 
2076 275.916652 
2077 275.883989 
2078 275.851316 
2079 275.818634 
2080 275.785943 
2081 275.753242 
2082 275.720533 
2083 275.687815 
2084 275.655087 
2085 275.622350 
2086 275.589605 
2087 275.556850 
2088 275.524085 
2089 275.491312 
2090 275.458530 
2091 275.425738 
2092 275.392937 
2093 275.360127 
2094 275.327308 
2095 275.294480 
2096 275.261642 
2097 275.228795 
2098 275.195939 
2099 275.163074 
2100 275.130199 
2101 275.097315 
2102 275.064422 
2103 275.031520 
2104 274.998608 
2105 274.965687 
2106 274.932757 
2107 274.899817 
2108 274.866868 
2109 274.833910 
2110 274.800943 
2111 274.767966 
2112 274.734979 
2113 274.701984 
2114 274.668979 
2115 274.635965 
2116 274.602941 
2117 274.569908 
2118 274.536865 
2119 274.503813 
2120 274.470752 
2121 274.437681 
2122 274.404601 
2123 274.371511 
2124 274.338412 
2125 274.305304 
2126 274.272186 
2127 274.239058 
2128 274.205921 
2129 274.172775 
2130 274.139619 
2131 274.106453 
2132 274.073278 
2133 274.040094 
2134 274.006900 
2135 273.973696 
2136 273.940483 
2137 273.907260 
2138 273.874028 
2139 273.840786 
2140 273.807535 
2141 273.774274 
2142 273.741003 
2143 273.707723 
2144 273.674433 
2145 273.641134 
2146 273.607825 
2147 273.574506 
2148 273.541178 
2149 273.507840 
2150 273.474492 
2151 273.441134 
2152 273.407767 
2153 273.374390 
2154 273.341004 
2155 273.307608 
2156 273.274202 
2157 273.240786 
2158 273.207361 
2159 273.173926 
2160 273.140481 
2161 273.107026 
2162 273.073562 
2163 273.040087 
2164 273.006603 
2165 272.973109 
2166 272.939606 
2167 272.906092 
2168 272.872569 
2169 272.839036 
2170 272.805493 
2171 272.771940 
2172 272.738377 
2173 272.704805 
2174 272.671222 
2175 272.637630 
2176 272.604028 
2177 272.570415 
2178 272.536793 
2179 272.503161 
2180 272.469519 
2181 272.435867 
2182 272.402206 
2183 272.368534 
2184 272.334852 
2185 272.301160 
2186 272.267458 
2187 272.233747 
2188 272.200025 
2189 272.166293 
2190 272.132551 
2191 272.098799 
2192 272.065038 
2193 272.031266 
2194 271.997484 
2195 271.963691 
2196 271.929889 
2197 271.896077 
2198 271.862255 
2199 271.828422 
2200 271.794579 
2201 271.760727 
2202 271.726864 
2203 271.692991 
2204 271.659108 
2205 271.625214 
2206 271.591311 
2207 271.557397 
2208 271.523473 
2209 271.489539 
2210 271.455594 
2211 271.421640 
2212 271.387675 
2213 271.353700 
2214 271.319715 
2215 271.285719 
2216 271.251713 
2217 271.217697 
2218 271.183671 
2219 271.149634 
2220 271.115587 
2221 271.081530 
2222 271.047462 
2223 271.013384 
2224 270.979296 
2225 270.945197 
2226 270.911088 
2227 270.876968 
2228 270.842839 
2229 270.808698 
2230 270.774548 
2231 270.740386 
2232 270.706215 
2233 270.672033 
2234 270.637841 
2235 270.603638 
2236 270.569424 
2237 270.535201 
2238 270.500966 
2239 270.466722 
2240 270.432466 
2241 270.398201 
2242 270.363924 
2243 270.329637 
2244 270.295340 
2245 270.261032 
2246 270.226713 
2247 270.192384 
2248 270.158045 
2249 270.123694 
2250 270.089333 
2251 270.054962 
2252 270.020580 
2253 269.986187 
2254 269.951784 
2255 269.917369 
2256 269.882945 
2257 269.848509 
2258 269.814063 
2259 269.779606 
2260 269.745139 
2261 269.710661 
2262 269.676172 
2263 269.641672 
2264 269.607162 
2265 269.572640 
2266 269.538108 
2267 269.503566 
2268 269.469012 
2269 269.434448 
2270 269.399873 
2271 269.365287 
2272 269.330690 
2273 269.296082 
2274 269.261464 
2275 269.226834 
2276 269.192194 
2277 269.157543 
2278 269.122881 
2279 269.088208 
2280 269.053524 
2281 269.018829 
2282 268.984124 
2283 268.949407 
2284 268.914679 
2285 268.879941 
2286 268.845191 
2287 268.810431 
2288 268.775659 
2289 268.740877 
2290 268.706083 
2291 268.671279 
2292 268.636463 
2293 268.601636 
2294 268.566798 
2295 268.531950 
2296 268.497090 
2297 268.462219 
2298 268.427337 
2299 268.392443 
2300 268.357539 
2301 268.322623 
2302 268.287697 
2303 268.252759 
2304 268.217810 
2305 268.182850 
2306 268.147878 
2307 268.112896 
2308 268.077902 
2309 268.042897 
2310 268.007881 
2311 267.972853 
2312 267.937814 
2313 267.902764 
2314 267.867703 
2315 267.832630 
2316 267.797547 
2317 267.762451 
2318 267.727345 
2319 267.692227 
2320 267.657098 
2321 267.621957 
2322 267.586805 
2323 267.551642 
2324 267.516467 
2325 267.481281 
2326 267.446083 
2327 267.410874 
2328 267.375654 
2329 267.340422 
2330 267.305178 
2331 267.269923 
2332 267.234657 
2333 267.199379 
2334 267.164090 
2335 267.128789 
2336 267.093477 
2337 267.058153 
2338 267.022817 
2339 266.987470 
2340 266.952111 
2341 266.916741 
2342 266.881359 
2343 266.845966 
2344 266.810561 
2345 266.775144 
2346 266.739716 
2347 266.704276 
2348 266.668824 
2349 266.633361 
2350 266.597886 
2351 266.562399 
2352 266.526901 
2353 266.491390 
2354 266.455868 
2355 266.420335 
2356 266.384789 
2357 266.349232 
2358 266.313663 
2359 266.278082 
2360 266.242490 
2361 266.206885 
2362 266.171269 
2363 266.135641 
2364 266.100001 
2365 266.064349 
2366 266.028685 
2367 265.993009 
2368 265.957322 
2369 265.921622 
2370 265.885911 
2371 265.850187 
2372 265.814452 
2373 265.778705 
2374 265.742945 
2375 265.707174 
2376 265.671391 
2377 265.635596 
2378 265.599788 
2379 265.563969 
2380 265.528137 
2381 265.492294 
2382 265.456438 
2383 265.420571 
2384 265.384691 
2385 265.348799 
2386 265.312895 
2387 265.276979 
2388 265.241050 
2389 265.205110 
2390 265.169157 
2391 265.133192 
2392 265.097215 
2393 265.061226 
2394 265.025225 
2395 264.989211 
2396 264.953185 
2397 264.917146 
2398 264.881096 
2399 264.845033 
2400 264.808958 
2401 264.772870 
2402 264.736771 
2403 264.700658 
2404 264.664534 
2405 264.628397 
2406 264.592248 
2407 264.556086 
2408 264.519912 
2409 264.483725 
2410 264.447526 
2411 264.411315 
2412 264.375091 
2413 264.338855 
2414 264.302606 
2415 264.266345 
2416 264.230071 
2417 264.193785 
2418 264.157486 
2419 264.121174 
2420 264.084850 
2421 264.048514 
2422 264.012165 
2423 263.975803 
2424 263.939428 
2425 263.903041 
2426 263.866642 
2427 263.830229 
2428 263.793804 
2429 263.757367 
2430 263.720916 
2431 263.684453 
2432 263.647977 
2433 263.611489 
2434 263.574987 
2435 263.538473 
2436 263.501946 
2437 263.465407 
2438 263.428854 
2439 263.392289 
2440 263.355711 
2441 263.319120 
2442 263.282516 
2443 263.245899 
2444 263.209270 
2445 263.172627 
2446 263.135972 
2447 263.099304 
2448 263.062622 
2449 263.025928 
2450 262.989221 
2451 262.952501 
2452 262.915767 
2453 262.879021 
2454 262.842262 
2455 262.805490 
2456 262.768704 
2457 262.731906 
2458 262.695094 
2459 262.658270 
2460 262.621432 
2461 262.584581 
2462 262.547717 
2463 262.510840 
2464 262.473950 
2465 262.437047 
2466 262.400130 
2467 262.363200 
2468 262.326257 
2469 262.289301 
2470 262.252331 
2471 262.215348 
2472 262.178352 
2473 262.141343 
2474 262.104320 
2475 262.067284 
2476 262.030234 
2477 261.993172 
2478 261.956095 
2479 261.919006 
2480 261.881903 
2481 261.844787 
2482 261.807657 
2483 261.770514 
2484 261.733357 
2485 261.696187 
2486 261.659003 
2487 261.621806 
2488 261.584596 
2489 261.547371 
2490 261.510134 
2491 261.472883 
2492 261.435618 
2493 261.398339 
2494 261.361047 
2495 261.323742 
2496 261.286422 
2497 261.249089 
2498 261.211743 
2499 261.174382 
2500 261.137008 
2501 261.099621 
2502 261.062219 
2503 261.024804 
2504 260.987375 
2505 260.949933 
2506 260.912476 
2507 260.875006 
2508 260.837522 
2509 260.800024 
2510 260.762512 
2511 260.724986 
2512 260.687447 
2513 260.649894 
2514 260.612326 
2515 260.574745 
2516 260.537150 
2517 260.499541 
2518 260.461918 
2519 260.424280 
2520 260.386629 
2521 260.348964 
2522 260.311285 
2523 260.273592 
2524 260.235885 
2525 260.198163 
2526 260.160428 
2527 260.122678 
2528 260.084915 
2529 260.047137 
2530 260.009345 
2531 259.971539 
2532 259.933718 
2533 259.895884 
2534 259.858035 
2535 259.820172 
2536 259.782295 
2537 259.744403 
2538 259.706497 
2539 259.668577 
2540 259.630642 
2541 259.592694 
2542 259.554730 
2543 259.516753 
2544 259.478761 
2545 259.440755 
2546 259.402734 
2547 259.364699 
2548 259.326649 
2549 259.288585 
2550 259.250506 
2551 259.212413 
2552 259.174306 
2553 259.136183 
2554 259.098047 
2555 259.059895 
2556 259.021730 
2557 258.983549 
2558 258.945354 
2559 258.907144 
2560 258.868920 
2561 258.830681 
2562 258.792427 
2563 258.754159 
2564 258.715876 
2565 258.677578 
2566 258.639265 
2567 258.600938 
2568 258.562596 
2569 258.524239 
2570 258.485867 
2571 258.447480 
2572 258.409079 
2573 258.370662 
2574 258.332231 
2575 258.293785 
2576 258.255324 
2577 258.216847 
2578 258.178356 
2579 258.139850 
2580 258.101329 
2581 258.062793 
2582 258.024242 
2583 257.985676 
2584 257.947095 
2585 257.908499 
2586 257.869888 
2587 257.831261 
2588 257.792620 
2589 257.753963 
2590 257.715291 
2591 257.676604 
2592 257.637901 
2593 257.599184 
2594 257.560451 
2595 257.521703 
2596 257.482940 
2597 257.444161 
2598 257.405367 
2599 257.366558 
2600 257.327733 
2601 257.288893 
2602 257.250038 
2603 257.211167 
2604 257.172281 
2605 257.133379 
2606 257.094462 
2607 257.055530 
2608 257.016582 
2609 256.977618 
2610 256.938639 
2611 256.899644 
2612 256.860634 
2613 256.821608 
2614 256.782567 
2615 256.743510 
2616 256.704437 
2617 256.665349 
2618 256.626244 
2619 256.587125 
2620 256.547989 
2621 256.508838 
2622 256.469671 
2623 256.430488 
2624 256.391290 
2625 256.352075 
2626 256.312845 
2627 256.273599 
2628 256.234337 
2629 256.195059 
2630 256.155766 
2631 256.116456 
2632 256.077130 
2633 256.037789 
2634 255.998431 
2635 255.959058 
2636 255.919668 
2637 255.880262 
2638 255.840841 
2639 255.801403 
2640 255.761949 
2641 255.722479 
2642 255.682993 
2643 255.643490 
2644 255.603972 
2645 255.564437 
2646 255.524886 
2647 255.485319 
2648 255.445736 
2649 255.406136 
2650 255.366520 
2651 255.326888 
2652 255.287239 
2653 255.247574 
2654 255.207892 
2655 255.168195 
2656 255.128480 
2657 255.088750 
2658 255.049002 
2659 255.009239 
2660 254.969459 
2661 254.929662 
2662 254.889849 
2663 254.850019 
2664 254.810173 
2665 254.770310 
2666 254.730430 
2667 254.690534 
2668 254.650621 
2669 254.610691 
2670 254.570745 
2671 254.530782 
2672 254.490802 
2673 254.450806 
2674 254.410792 
2675 254.370762 
2676 254.330715 
2677 254.290651 
2678 254.250571 
2679 254.210473 
2680 254.170358 
2681 254.130227 
2682 254.090079 
2683 254.049913 
2684 254.009731 
2685 253.969531 
2686 253.929315 
2687 253.889081 
2688 253.848831 
2689 253.808563 
2690 253.768278 
2691 253.727976 
2692 253.687657 
2693 253.647320 
2694 253.606967 
2695 253.566596 
2696 253.526208 
2697 253.485802 
2698 253.445380 
2699 253.404939 
2700 253.364482 
2701 253.324007 
2702 253.283515 
2703 253.243006 
2704 253.202479 
2705 253.161934 
2706 253.121372 
2707 253.080793 
2708 253.040196 
2709 252.999581 
2710 252.958949 
2711 252.918299 
2712 252.877632 
2713 252.836947 
2714 252.796244 
2715 252.755524 
2716 252.714786 
2717 252.674030 
2718 252.633257 
2719 252.592466 
2720 252.551657 
2721 252.510830 
2722 252.469985 
2723 252.429122 
2724 252.388242 
2725 252.347343 
2726 252.306427 
2727 252.265493 
2728 252.224540 
2729 252.183570 
2730 252.142582 
2731 252.101575 
2732 252.060551 
2733 252.019508 
2734 251.978448 
2735 251.937369 
2736 251.896272 
2737 251.855157 
2738 251.814023 
2739 251.772872 
2740 251.731702 
2741 251.690513 
2742 251.649307 
2743 251.608082 
2744 251.566839 
2745 251.525577 
2746 251.484297 
2747 251.442999 
2748 251.401682 
2749 251.360346 
2750 251.318992 
2751 251.277620 
2752 251.236229 
2753 251.194819 
2754 251.153391 
2755 251.111944 
2756 251.070479 
2757 251.028995 
2758 250.987492 
2759 250.945970 
2760 250.904430 
2761 250.862871 
2762 250.821293 
2763 250.779696 
2764 250.738080 
2765 250.696446 
2766 250.654792 
2767 250.613120 
2768 250.571429 
2769 250.529718 
2770 250.487989 
2771 250.446241 
2772 250.404473 
2773 250.362687 
2774 250.320881 
2775 250.279057 
2776 250.237213 
2777 250.195350 
2778 250.153467 
2779 250.111566 
2780 250.069645 
2781 250.027705 
2782 249.985746 
2783 249.943767 
2784 249.901769 
2785 249.859751 
2786 249.817714 
2787 249.775658 
2788 249.733582 
2789 249.691487 
2790 249.649372 
2791 249.607237 
2792 249.565083 
2793 249.522910 
2794 249.480717 
2795 249.438504 
2796 249.396271 
2797 249.354019 
2798 249.311747 
2799 249.269455 
2800 249.227143 
2801 249.184812 
2802 249.142461 
2803 249.100089 
2804 249.057698 
2805 249.015287 
2806 248.972856 
2807 248.930406 
2808 248.887935 
2809 248.845444 
2810 248.802932 
2811 248.760401 
2812 248.717850 
2813 248.675279 
2814 248.632687 
2815 248.590075 
2816 248.547443 
2817 248.504791 
2818 248.462118 
2819 248.419425 
2820 248.376712 
2821 248.333978 
2822 248.291224 
2823 248.248449 
2824 248.205654 
2825 248.162839 
2826 248.120003 
2827 248.077146 
2828 248.034269 
2829 247.991371 
2830 247.948453 
2831 247.905514 
2832 247.862554 
2833 247.819574 
2834 247.776572 
2835 247.733550 
2836 247.690507 
2837 247.647444 
2838 247.604359 
2839 247.561254 
2840 247.518127 
2841 247.474980 
2842 247.431812 
2843 247.388622 
2844 247.345412 
2845 247.302180 
2846 247.258928 
2847 247.215654 
2848 247.172359 
2849 247.129043 
2850 247.085706 
2851 247.042347 
2852 246.998967 
2853 246.955566 
2854 246.912143 
2855 246.868699 
2856 246.825234 
2857 246.781747 
2858 246.738239 
2859 246.694709 
2860 246.651158 
2861 246.607585 
2862 246.563990 
2863 246.520374 
2864 246.476736 
2865 246.433077 
2866 246.389395 
2867 246.345692 
2868 246.301968 
2869 246.258221 
2870 246.214453 
2871 246.170662 
2872 246.126850 
2873 246.083016 
2874 246.039160 
2875 245.995281 
2876 245.951381 
2877 245.907459 
2878 245.863514 
2879 245.819548 
2880 245.775559 
2881 245.731548 
2882 245.687515 
2883 245.643459 
2884 245.599382 
2885 245.555282 
2886 245.511159 
2887 245.467014 
2888 245.422847 
2889 245.378657 
2890 245.334445 
2891 245.290210 
2892 245.245953 
2893 245.201673 
2894 245.157370 
2895 245.113045 
2896 245.068697 
2897 245.024326 
2898 244.979932 
2899 244.935516 
2900 244.891077 
2901 244.846615 
2902 244.802130 
2903 244.757622 
2904 244.713091 
2905 244.668537 
2906 244.623960 
2907 244.579360 
2908 244.534737 
2909 244.490091 
2910 244.445421 
2911 244.400728 
2912 244.356013 
2913 244.311273 
2914 244.266511 
2915 244.221725 
2916 244.176915 
2917 244.132083 
2918 244.087227 
2919 244.042347 
2920 243.997444 
2921 243.952517 
2922 243.907566 
2923 243.862592 
2924 243.817594 
2925 243.772573 
2926 243.727528 
2927 243.682459 
2928 243.637366 
2929 243.592249 
2930 243.547108 
2931 243.501944 
2932 243.456755 
2933 243.411543 
2934 243.366306 
2935 243.321045 
2936 243.275761 
2937 243.230452 
2938 243.185118 
2939 243.139761 
2940 243.094379 
2941 243.048973 
2942 243.003543 
2943 242.958088 
2944 242.912609 
2945 242.867106 
2946 242.821578 
2947 242.776025 
2948 242.730448 
2949 242.684846 
2950 242.639219 
2951 242.593568 
2952 242.547892 
2953 242.502192 
2954 242.456466 
2955 242.410716 
2956 242.364941 
2957 242.319141 
2958 242.273316 
2959 242.227465 
2960 242.181590 
2961 242.135690 
2962 242.089765 
2963 242.043814 
2964 241.997839 
2965 241.951838 
2966 241.905812 
2967 241.859760 
2968 241.813683 
2969 241.767581 
2970 241.721453 
2971 241.675300 
2972 241.629121 
2973 241.582917 
2974 241.536687 
2975 241.490431 
2976 241.444150 
2977 241.397843 
2978 241.351511 
2979 241.305152 
2980 241.258768 
2981 241.212357 
2982 241.165921 
2983 241.119459 
2984 241.072971 
2985 241.026456 
2986 240.979916 
2987 240.933350 
2988 240.886757 
2989 240.840138 
2990 240.793493 
2991 240.746821 
2992 240.700123 
2993 240.653399 
2994 240.606648 
2995 240.559871 
2996 240.513068 
2997 240.466237 
2998 240.419380 
2999 240.372497 
3000 240.325587 
3001 240.278650 
3002 240.231686 
3003 240.184695 
3004 240.137678 
3005 240.090633 
3006 240.043562 
3007 239.996463 
3008 239.949338 
3009 239.902185 
3010 239.855006 
3011 239.807799 
3012 239.760564 
3013 239.713303 
3014 239.666014 
3015 239.618698 
3016 239.571355 
3017 239.523984 
3018 239.476585 
3019 239.429159 
3020 239.381705 
3021 239.334224 
3022 239.286715 
3023 239.239178 
3024 239.191614 
3025 239.144021 
3026 239.096401 
3027 239.048753 
3028 239.001077 
3029 238.953373 
3030 238.905641 
3031 238.857880 
3032 238.810092 
3033 238.762275 
3034 238.714430 
3035 238.666557 
3036 238.618655 
3037 238.570725 
3038 238.522767 
3039 238.474780 
3040 238.426764 
3041 238.378720 
3042 238.330647 
3043 238.282546 
3044 238.234416 
3045 238.186257 
3046 238.138069 
3047 238.089852 
3048 238.041607 
3049 237.993332 
3050 237.945028 
3051 237.896696 
3052 237.848334 
3053 237.799943 
3054 237.751522 
3055 237.703073 
3056 237.654594 
3057 237.606085 
3058 237.557548 
3059 237.508980 
3060 237.460384 
3061 237.411757 
3062 237.363101 
3063 237.314415 
3064 237.265700 
3065 237.216954 
3066 237.168179 
3067 237.119374 
3068 237.070539 
3069 237.021674 
3070 236.972779 
3071 236.923854 
3072 236.874898 
3073 236.825913 
3074 236.776897 
3075 236.727851 
3076 236.678774 
3077 236.629667 
3078 236.580529 
3079 236.531361 
3080 236.482163 
3081 236.432933 
3082 236.383673 
3083 236.334382 
3084 236.285061 
3085 236.235708 
3086 236.186325 
3087 236.136910 
3088 236.087465 
3089 236.037988 
3090 235.988481 
3091 235.938942 
3092 235.889371 
3093 235.839770 
3094 235.790137 
3095 235.740473 
3096 235.690777 
3097 235.641050 
3098 235.591291 
3099 235.541500 
3100 235.491678 
3101 235.441824 
3102 235.391938 
3103 235.342020 
3104 235.292070 
3105 235.242088 
3106 235.192075 
3107 235.142029 
3108 235.091951 
3109 235.041840 
3110 234.991698 
3111 234.941523 
3112 234.891315 
3113 234.841075 
3114 234.790803 
3115 234.740498 
3116 234.690160 
3117 234.639789 
3118 234.589386 
3119 234.538950 
3120 234.488481 
3121 234.437979 
3122 234.387444 
3123 234.336876 
3124 234.286275 
3125 234.235641 
3126 234.184973 
3127 234.134272 
3128 234.083538 
3129 234.032770 
3130 233.981969 
3131 233.931134 
3132 233.880265 
3133 233.829363 
3134 233.778427 
3135 233.727457 
3136 233.676454 
3137 233.625416 
3138 233.574344 
3139 233.523238 
3140 233.472098 
3141 233.420924 
3142 233.369716 
3143 233.318473 
3144 233.267196 
3145 233.215884 
3146 233.164538 
3147 233.113157 
3148 233.061741 
3149 233.010291 
3150 232.958806 
3151 232.907286 
3152 232.855731 
3153 232.804141 
3154 232.752516 
3155 232.700856 
3156 232.649160 
3157 232.597430 
3158 232.545664 
3159 232.493862 
3160 232.442025 
3161 232.390153 
3162 232.338245 
3163 232.286301 
3164 232.234322 
3165 232.182306 
3166 232.130255 
3167 232.078168 
3168 232.026045 
3169 231.973885 
3170 231.921690 
3171 231.869458 
3172 231.817190 
3173 231.764885 
3174 231.712544 
3175 231.660167 
3176 231.607752 
3177 231.555302 
3178 231.502814 
3179 231.450290 
3180 231.397728 
3181 231.345130 
3182 231.292495 
3183 231.239822 
3184 231.187112 
3185 231.134365 
3186 231.081581 
3187 231.028759 
3188 230.975900 
3189 230.923004 
3190 230.870069 
3191 230.817097 
3192 230.764087 
3193 230.711039 
3194 230.657954 
3195 230.604830 
3196 230.551668 
3197 230.498468 
3198 230.445230 
3199 230.391953 
3200 230.338638 
3201 230.285284 
3202 230.231892 
3203 230.178462 
3204 230.124992 
3205 230.071484 
3206 230.017937 
3207 229.964351 
3208 229.910725 
3209 229.857061 
3210 229.803358 
3211 229.749615 
3212 229.695833 
3213 229.642011 
3214 229.588150 
3215 229.534250 
3216 229.480309 
3217 229.426329 
3218 229.372309 
3219 229.318249 
3220 229.264149 
3221 229.210009 
3222 229.155829 
3223 229.101608 
3224 229.047347 
3225 228.993046 
3226 228.938704 
3227 228.884322 
3228 228.829899 
3229 228.775435 
3230 228.720930 
3231 228.666384 
3232 228.611798 
3233 228.557170 
3234 228.502501 
3235 228.447790 
3236 228.393039 
3237 228.338245 
3238 228.283411 
3239 228.228534 
3240 228.173616 
3241 228.118656 
3242 228.063654 
3243 228.008610 
3244 227.953524 
3245 227.898396 
3246 227.843226 
3247 227.788013 
3248 227.732757 
3249 227.677460 
3250 227.622119 
3251 227.566736 
3252 227.511310 
3253 227.455841 
3254 227.400329 
3255 227.344774 
3256 227.289176 
3257 227.233534 
3258 227.177849 
3259 227.122121 
3260 227.066349 
3261 227.010533 
3262 226.954674 
3263 226.898770 
3264 226.842823 
3265 226.786832 
3266 226.730796 
3267 226.674717 
3268 226.618593 
3269 226.562424 
3270 226.506211 
3271 226.449953 
3272 226.393651 
3273 226.337304 
3274 226.280911 
3275 226.224474 
3276 226.167992 
3277 226.111464 
3278 226.054891 
3279 225.998273 
3280 225.941609 
3281 225.884899 
3282 225.828144 
3283 225.771343 
3284 225.714496 
3285 225.657602 
3286 225.600663 
3287 225.543677 
3288 225.486645 
3289 225.429567 
3290 225.372442 
3291 225.315270 
3292 225.258051 
3293 225.200786 
3294 225.143473 
3295 225.086114 
3296 225.028707 
3297 224.971253 
3298 224.913751 
3299 224.856202 
3300 224.798605 
3301 224.740961 
3302 224.683268 
3303 224.625528 
3304 224.567739 
3305 224.509902 
3306 224.452017 
3307 224.394084 
3308 224.336102 
3309 224.278071 
3310 224.219991 
3311 224.161863 
3312 224.103686 
3313 224.045459 
3314 223.987183 
3315 223.928858 
3316 223.870484 
3317 223.812059 
3318 223.753586 
3319 223.695062 
3320 223.636488 
3321 223.577865 
3322 223.519191 
3323 223.460467 
3324 223.401692 
3325 223.342867 
3326 223.283991 
3327 223.225065 
3328 223.166087 
3329 223.107059 
3330 223.047979 
3331 222.988848 
3332 222.929666 
3333 222.870432 
3334 222.811147 
3335 222.751810 
3336 222.692421 
3337 222.632980 
3338 222.573487 
3339 222.513941 
3340 222.454344 
3341 222.394693 
3342 222.334990 
3343 222.275235 
3344 222.215426 
3345 222.155564 
3346 222.095649 
3347 222.035681 
3348 221.975660 
3349 221.915585 
3350 221.855456 
3351 221.795273 
3352 221.735037 
3353 221.674746 
3354 221.614401 
3355 221.554002 
3356 221.493548 
3357 221.433040 
3358 221.372477 
3359 221.311859 
3360 221.251186 
3361 221.190457 
3362 221.129674 
3363 221.068835 
3364 221.007940 
3365 220.946990 
3366 220.885984 
3367 220.824921 
3368 220.763803 
3369 220.702628 
3370 220.641397 
3371 220.580110 
3372 220.518765 
3373 220.457364 
3374 220.395905 
3375 220.334390 
3376 220.272817 
3377 220.211187 
3378 220.149499 
3379 220.087753 
3380 220.025950 
3381 219.964088 
3382 219.902168 
3383 219.840190 
3384 219.778153 
3385 219.716058 
3386 219.653904 
3387 219.591691 
3388 219.529418 
3389 219.467087 
3390 219.404696 
3391 219.342245 
3392 219.279735 
3393 219.217165 
3394 219.154534 
3395 219.091844 
3396 219.029093 
3397 218.966282 
3398 218.903410 
3399 218.840477 
3400 218.777483 
3401 218.714427 
3402 218.651311 
3403 218.588133 
3404 218.524893 
3405 218.461592 
3406 218.398228 
3407 218.334802 
3408 218.271314 
3409 218.207764 
3410 218.144150 
3411 218.080474 
3412 218.016735 
3413 217.952933 
3414 217.889067 
3415 217.825138 
3416 217.761145 
3417 217.697088 
3418 217.632967 
3419 217.568782 
3420 217.504533 
3421 217.440219 
3422 217.375840 
3423 217.311396 
3424 217.246887 
3425 217.182313 
3426 217.117673 
3427 217.052968 
3428 216.988197 
3429 216.923360 
3430 216.858456 
3431 216.793486 
3432 216.728450 
3433 216.663347 
3434 216.598176 
3435 216.532939 
3436 216.467634 
3437 216.402262 
3438 216.336822 
3439 216.271315 
3440 216.205739 
3441 216.140094 
3442 216.074382 
3443 216.008600 
3444 215.942750 
3445 215.876831 
3446 215.810842 
3447 215.744784 
3448 215.678656 
3449 215.612458 
3450 215.546191 
3451 215.479853 
3452 215.413444 
3453 215.346965 
3454 215.280415 
3455 215.213793 
3456 215.147101 
3457 215.080337 
3458 215.013501 
3459 214.946593 
3460 214.879614 
3461 214.812561 
3462 214.745437 
3463 214.678239 
3464 214.610968 
3465 214.543625 
3466 214.476207 
3467 214.408717 
3468 214.341152 
3469 214.273513 
3470 214.205800 
3471 214.138012 
3472 214.070150 
3473 214.002212 
3474 213.934200 
3475 213.866112 
3476 213.797948 
3477 213.729708 
3478 213.661392 
3479 213.593000 
3480 213.524532 
3481 213.455986 
3482 213.387364 
3483 213.318664 
3484 213.249886 
3485 213.181031 
3486 213.112098 
3487 213.043087 
3488 212.973997 
3489 212.904828 
3490 212.835581 
3491 212.766254 
3492 212.696848 
3493 212.627362 
3494 212.557796 
3495 212.488150 
3496 212.418423 
3497 212.348616 
3498 212.278728 
3499 212.208758 
3500 212.138707 
3501 212.068575 
3502 211.998360 
3503 211.928063 
3504 211.857684 
3505 211.787222 
3506 211.716676 
3507 211.646048 
3508 211.575336 
3509 211.504540 
3510 211.433660 
3511 211.362696 
3512 211.291647 
3513 211.220513 
3514 211.149294 
3515 211.077989 
3516 211.006599 
3517 210.935122 
3518 210.863560 
3519 210.791911 
3520 210.720174 
3521 210.648351 
3522 210.576440 
3523 210.504442 
3524 210.432356 
3525 210.360181 
3526 210.287917 
3527 210.215565 
3528 210.143124 
3529 210.070593 
3530 209.997972 
3531 209.925261 
3532 209.852460 
3533 209.779568 
3534 209.706585 
3535 209.633511 
3536 209.560345 
3537 209.487088 
3538 209.413738 
3539 209.340295 
3540 209.266760 
3541 209.193131 
3542 209.119409 
3543 209.045594 
3544 208.971684 
3545 208.897679 
3546 208.823580 
3547 208.749386 
3548 208.675096 
3549 208.600710 
3550 208.526229 
3551 208.451651 
3552 208.376976 
3553 208.302204 
3554 208.227334 
3555 208.152367 
3556 208.077302 
3557 208.002138 
3558 207.926875 
3559 207.851514 
3560 207.776052 
3561 207.700491 
3562 207.624830 
3563 207.549068 
3564 207.473205 
3565 207.397240 
3566 207.321174 
3567 207.245006 
3568 207.168736 
3569 207.092363 
3570 207.015886 
3571 206.939306 
3572 206.862622 
3573 206.785834 
3574 206.708942 
3575 206.631944 
3576 206.554841 
3577 206.477631 
3578 206.400316 
3579 206.322894 
3580 206.245366 
3581 206.167729 
3582 206.089985 
3583 206.012133 
3584 205.934172 
3585 205.856102 
3586 205.777923 
3587 205.699634 
3588 205.621235 
3589 205.542725 
3590 205.464104 
3591 205.385372 
3592 205.306528 
3593 205.227571 
3594 205.148502 
3595 205.069319 
3596 204.990023 
3597 204.910613 
3598 204.831088 
3599 204.751448 
3600 204.671693 
3601 204.591822 
3602 204.511835 
3603 204.431731 
3604 204.351510 
3605 204.271171 
3606 204.190715 
3607 204.110139 
3608 204.029445 
3609 203.948631 
3610 203.867697 
3611 203.786643 
3612 203.705468 
3613 203.624171 
3614 203.542753 
3615 203.461212 
3616 203.379548 
3617 203.297761 
3618 203.215850 
3619 203.133815 
3620 203.051654 
3621 202.969369 
3622 202.886958 
3623 202.804420 
3624 202.721755 
3625 202.638963 
3626 202.556043 
3627 202.472994 
3628 202.389817 
3629 202.306510 
3630 202.223073 
3631 202.139505 
3632 202.055806 
3633 201.971976 
3634 201.888013 
3635 201.803917 
3636 201.719689 
3637 201.635326 
3638 201.550828 
3639 201.466196 
3640 201.381428 
3641 201.296524 
3642 201.211483 
3643 201.126304 
3644 201.040988 
3645 200.955533 
3646 200.869939 
3647 200.784205 
3648 200.698331 
3649 200.612316 
3650 200.526159 
3651 200.439860 
3652 200.353419 
3653 200.266834 
3654 200.180104 
3655 200.093231 
3656 200.006211 
3657 199.919046 
3658 199.831734 
3659 199.744275 
3660 199.656668 
3661 199.568912 
3662 199.481007 
3663 199.392952 
3664 199.304747 
3665 199.216390 
3666 199.127881 
3667 199.039220 
3668 198.950405 
3669 198.861436 
3670 198.772312 
3671 198.683033 
3672 198.593597 
3673 198.504005 
3674 198.414255 
3675 198.324346 
3676 198.234279 
3677 198.144051 
3678 198.053663 
3679 197.963114 
3680 197.872402 
3681 197.781528 
3682 197.690490 
3683 197.599287 
3684 197.507919 
3685 197.416385 
3686 197.324685 
3687 197.232817 
3688 197.140780 
3689 197.048574 
3690 196.956198 
3691 196.863651 
3692 196.770933 
3693 196.678042 
3694 196.584977 
3695 196.491738 
3696 196.398325 
3697 196.304735 
3698 196.210968 
3699 196.117024 
3700 196.022901 
3701 195.928598 
3702 195.834116 
3703 195.739452 
3704 195.644605 
3705 195.549576 
3706 195.454362 
3707 195.358964 
3708 195.263379 
3709 195.167608 
3710 195.071649 
3711 194.975501 
3712 194.879163 
3713 194.782635 
3714 194.685915 
3715 194.589002 
3716 194.491895 
3717 194.394593 
3718 194.297096 
3719 194.199402 
3720 194.101510 
3721 194.003419 
3722 193.905128 
3723 193.806636 
3724 193.707942 
3725 193.609044 
3726 193.509943 
3727 193.410636 
3728 193.311122 
3729 193.211401 
3730 193.111471 
3731 193.011331 
3732 192.910980 
3733 192.810417 
3734 192.709641 
3735 192.608650 
3736 192.507443 
3737 192.406019 
3738 192.304377 
3739 192.202516 
3740 192.100433 
3741 191.998130 
3742 191.895602 
3743 191.792851 
3744 191.689874 
3745 191.586669 
3746 191.483237 
3747 191.379575 
3748 191.275682 
3749 191.171556 
3750 191.067197 
3751 190.962603 
3752 190.857773 
3753 190.752705 
3754 190.647398 
3755 190.541850 
3756 190.436060 
3757 190.330027 
3758 190.223748 
3759 190.117224 
3760 190.010451 
3761 189.903430 
3762 189.796157 
3763 189.688632 
3764 189.580853 
3765 189.472818 
3766 189.364527 
3767 189.255977 
3768 189.147166 
3769 189.038094 
3770 188.928758 
3771 188.819157 
3772 188.709289 
3773 188.599153 
3774 188.488746 
3775 188.378068 
3776 188.267115 
3777 188.155888 
3778 188.044383 
3779 187.932599 
3780 187.820535 
3781 187.708188 
3782 187.595556 
3783 187.482638 
3784 187.369432 
3785 187.255936 
3786 187.142148 
3787 187.028066 
3788 186.913688 
3789 186.799012 
3790 186.684036 
3791 186.568758 
3792 186.453177 
3793 186.337289 
3794 186.221093 
3795 186.104587 
3796 185.987768 
3797 185.870635 
3798 185.753185 
3799 185.635417 
3800 185.517327 
3801 185.398913 
3802 185.280174 
3803 185.161107 
3804 185.041710 
3805 184.921980 
3806 184.801914 
3807 184.681512 
3808 184.560769 
3809 184.439684 
3810 184.318254 
3811 184.196476 
3812 184.074349 
3813 183.951869 
3814 183.829034 
3815 183.705841 
3816 183.582287 
3817 183.458370 
3818 183.334087 
3819 183.209436 
3820 183.084413 
3821 182.959015 
3822 182.833241 
3823 182.707086 
3824 182.580548 
3825 182.453624 
3826 182.326310 
3827 182.198605 
3828 182.070504 
3829 181.942005 
3830 181.813104 
3831 181.683799 
3832 181.554085 
3833 181.423960 
3834 181.293420 
3835 181.162463 
3836 181.031084 
3837 180.899279 
3838 180.767047 
3839 180.634382 
3840 180.501282 
3841 180.367742 
3842 180.233760 
3843 180.099330 
3844 179.964451 
3845 179.829116 
3846 179.693324 
3847 179.557069 
3848 179.420348 
3849 179.283157 
3850 179.145491 
3851 179.007346 
3852 178.868719 
3853 178.729604 
3854 178.589998 
3855 178.449896 
3856 178.309293 
3857 178.168186 
3858 178.026569 
3859 177.884437 
3860 177.741787 
3861 177.598612 
3862 177.454909 
3863 177.310672 
3864 177.165897 
3865 177.020577 
3866 176.874709 
3867 176.728286 
3868 176.581303 
3869 176.433756 
3870 176.285637 
3871 176.136943 
3872 175.987667 
3873 175.837803 
3874 175.687345 
3875 175.536288 
3876 175.384626 
3877 175.232352 
3878 175.079460 
3879 174.925943 
3880 174.771796 
3881 174.617012 
3882 174.461584 
3883 174.305505 
3884 174.148768 
3885 173.991367 
3886 173.833294 
3887 173.674543 
3888 173.515104 
3889 173.354972 
3890 173.194139 
3891 173.032597 
3892 172.870337 
3893 172.707352 
3894 172.543634 
3895 172.379175 
3896 172.213965 
3897 172.047997 
3898 171.881261 
3899 171.713749 
3900 171.545451 
3901 171.376359 
3902 171.206462 
3903 171.035752 
3904 170.864218 
3905 170.691850 
3906 170.518639 
3907 170.344573 
3908 170.169643 
3909 169.993837 
3910 169.817144 
3911 169.639554 
3912 169.461054 
3913 169.281634 
3914 169.101281 
3915 168.919982 
3916 168.737727 
3917 168.554501 
3918 168.370292 
3919 168.185087 
3920 167.998873 
3921 167.811635 
3922 167.623359 
3923 167.434031 
3924 167.243637 
3925 167.052161 
3926 166.859588 
3927 166.665902 
3928 166.471088 
3929 166.275128 
3930 166.078006 
3931 165.879705 
3932 165.680207 
3933 165.479494 
3934 165.277548 
3935 165.074349 
3936 164.869879 
3937 164.664118 
3938 164.457044 
3939 164.248638 
3940 164.038879 
3941 163.827743 
3942 163.615209 
3943 163.401254 
3944 163.185854 
3945 162.968984 
3946 162.750621 
3947 162.530737 
3948 162.309308 
3949 162.086306 
3950 161.861703 
3951 161.635471 
3952 161.407580 
3953 161.178000 
3954 160.946701 
3955 160.713650 
3956 160.478814 
3957 160.242160 
3958 160.003653 
3959 159.763256 
3960 159.520933 
3961 159.276646 
3962 159.030354 
3963 158.782019 
3964 158.531596 
3965 158.279044 
3966 158.024317 
3967 157.767369 
3968 157.508153 
3969 157.246618 
3970 156.982714 
3971 156.716388 
3972 156.447585 
3973 156.176248 
3974 155.902318 
3975 155.625734 
3976 155.346434 
3977 155.064350 
3978 154.779415 
3979 154.491558 
3980 154.200705 
3981 153.906779 
3982 153.609701 
3983 153.309388 
3984 153.005752 
3985 152.698704 
3986 152.388149 
3987 152.073989 
3988 151.756122 
3989 151.434439 
3990 151.108829 
3991 150.779174 
3992 150.445350 
3993 150.107229 
3994 149.764674 
3995 149.417544 
3996 149.065689 
3997 148.708950 
3998 148.347162 
3999 147.980151 
4000 147.607731 
4001 147.229708 
4002 146.845875 
4003 146.456013 
4004 146.059892 
4005 145.657265 
4006 145.247872 
4007 144.831434 
4008 144.407654 
4009 143.976218 
4010 143.536786 
4011 143.088996 
4012 142.632461 
4013 142.166763 
4014 141.691453 
4015 141.206046 
4016 140.710017 
4017 140.202800 
4018 139.683778 
4019 139.152278 
4020 138.607569 
4021 138.048846 
4022 137.475230 
4023 136.885748 
4024 136.279327 
4025 135.654774 
4026 135.010761 
4027 134.345802 
4028 133.658225 
4029 132.946141 
4030 132.207401 
4031 131.439549 
4032 130.639756 
4033 129.804740 
4034 128.930661 
4035 128.012984 
4036 127.046299 
4037 126.024068 
4038 124.938290 
4039 123.779008 
4040 122.533609 
4041 121.185748 
4042 119.713687 
4043 118.087548 
4044 116.264538 
4045 114.179989 
4046 111.728766 
4047 108.720845 
4048 104.749405 
4049 98.605649 
4050 70.003309 
