0 330.897891 
1 330.879984 
2 330.862074 
3 330.844162 
4 330.826247 
5 330.808329 
6 330.790409 
7 330.772487 
8 330.754562 
9 330.736634 
10 330.718704 
11 330.700771 
12 330.682836 
13 330.664898 
14 330.646958 
15 330.629015 
16 330.611070 
17 330.593122 
18 330.575171 
19 330.557218 
20 330.539263 
21 330.521305 
22 330.503344 
23 330.485381 
24 330.467415 
25 330.449446 
26 330.431476 
27 330.413502 
28 330.395526 
29 330.377547 
30 330.359566 
31 330.341582 
32 330.323596 
33 330.305607 
34 330.287616 
35 330.269622 
36 330.251625 
37 330.233626 
38 330.215624 
39 330.197620 
40 330.179613 
41 330.161603 
42 330.143591 
43 330.125577 
44 330.107560 
45 330.089540 
46 330.071517 
47 330.053493 
48 330.035465 
49 330.017435 
50 329.999402 
51 329.981367 
52 329.963329 
53 329.945289 
54 329.927245 
55 329.909200 
56 329.891152 
57 329.873101 
58 329.855047 
59 329.836991 
60 329.818933 
61 329.800871 
62 329.782808 
63 329.764741 
64 329.746672 
65 329.728601 
66 329.710526 
67 329.692449 
68 329.674370 
69 329.656288 
70 329.638203 
71 329.620116 
72 329.602026 
73 329.583934 
74 329.565839 
75 329.547741 
76 329.529641 
77 329.511538 
78 329.493432 
79 329.475324 
80 329.457213 
81 329.439100 
82 329.420984 
83 329.402865 
84 329.384744 
85 329.366620 
86 329.348493 
87 329.330364 
88 329.312232 
89 329.294098 
90 329.275961 
91 329.257821 
92 329.239679 
93 329.221534 
94 329.203386 
95 329.185236 
96 329.167083 
97 329.148928 
98 329.130770 
99 329.112609 
100 329.094445 
101 329.076279 
102 329.058111 
103 329.039939 
104 329.021765 
105 329.003589 
106 328.985409 
107 328.967227 
108 328.949043 
109 328.930855 
110 328.912666 
111 328.894473 
112 328.876278 
113 328.858080 
114 328.839879 
115 328.821676 
116 328.803470 
117 328.785262 
118 328.767051 
119 328.748837 
120 328.730620 
121 328.712401 
122 328.694179 
123 328.675955 
124 328.657728 
125 328.639498 
126 328.621265 
127 328.603030 
128 328.584792 
129 328.566552 
130 328.548308 
131 328.530062 
132 328.511814 
133 328.493563 
134 328.475309 
135 328.457052 
136 328.438793 
137 328.420531 
138 328.402266 
139 328.383999 
140 328.365729 
141 328.347456 
142 328.329180 
143 328.310902 
144 328.292621 
145 328.274338 
146 328.256052 
147 328.237763 
148 328.219471 
149 328.201177 
150 328.182880 
151 328.164580 
152 328.146278 
153 328.127973 
154 328.109665 
155 328.091354 
156 328.073041 
157 328.054725 
158 328.036406 
159 328.018085 
160 327.999761 
161 327.981434 
162 327.963105 
163 327.944772 
164 327.926437 
165 327.908100 
166 327.889759 
167 327.871416 
168 327.853070 
169 327.834722 
170 327.816371 
171 327.798017 
172 327.779660 
173 327.761300 
174 327.742938 
175 327.724573 
176 327.706206 
177 327.687835 
178 327.669462 
179 327.651086 
180 327.632708 
181 327.614326 
182 327.595942 
183 327.577556 
184 327.559166 
185 327.540774 
186 327.522379 
187 327.503981 
188 327.485580 
189 327.467177 
190 327.448771 
191 327.430362 
192 327.411951 
193 327.393537 
194 327.375120 
195 327.356700 
196 327.338277 
197 327.319852 
198 327.301424 
199 327.282993 
200 327.264560 
201 327.246123 
202 327.227684 
203 327.209242 
204 327.190798 
205 327.172350 
206 327.153900 
207 327.135447 
208 327.116991 
209 327.098533 
210 327.080072 
211 327.061608 
212 327.043141 
213 327.024671 
214 327.006199 
215 326.987724 
216 326.969246 
217 326.950765 
218 326.932282 
219 326.913795 
220 326.895306 
221 326.876815 
222 326.858320 
223 326.839823 
224 326.821322 
225 326.802819 
226 326.784314 
227 326.765805 
228 326.747294 
229 326.728779 
230 326.710263 
231 326.691743 
232 326.673220 
233 326.654695 
234 326.636167 
235 326.617636 
236 326.599102 
237 326.580565 
238 326.562026 
239 326.543484 
240 326.524939 
241 326.506391 
242 326.487840 
243 326.469287 
244 326.450730 
245 326.432171 
246 326.413609 
247 326.395045 
248 326.376477 
249 326.357907 
250 326.339334 
251 326.320758 
252 326.302179 
253 326.283597 
254 326.265012 
255 326.246425 
256 326.227835 
257 326.209242 
258 326.190646 
259 326.172048 
260 326.153446 
261 326.134842 
262 326.116234 
263 326.097624 
264 326.079012 
265 326.060396 
266 326.041777 
267 326.023156 
268 326.004532 
269 325.985905 
270 325.967275 
271 325.948642 
272 325.930006 
273 325.911368 
274 325.892726 
275 325.874082 
276 325.855435 
277 325.836785 
278 325.818132 
279 325.799477 
280 325.780818 
281 325.762157 
282 325.743493 
283 325.724826 
284 325.706156 
285 325.687483 
286 325.668807 
287 325.650129 
288 325.631447 
289 325.612763 
290 325.594076 
291 325.575386 
292 325.556693 
293 325.537997 
294 325.519298 
295 325.500597 
296 325.481892 
297 325.463185 
298 325.444475 
299 325.425761 
300 325.407045 
301 325.388326 
302 325.369605 
303 325.350880 
304 325.332152 
305 325.313422 
306 325.294689 
307 325.275952 
308 325.257213 
309 325.238471 
310 325.219726 
311 325.200978 
312 325.182227 
313 325.163474 
314 325.144717 
315 325.125958 
316 325.107195 
317 325.088430 
318 325.069662 
319 325.050891 
320 325.032117 
321 325.013340 
322 324.994560 
323 324.975777 
324 324.956991 
325 324.938202 
326 324.919411 
327 324.900616 
328 324.881819 
329 324.863019 
330 324.844215 
331 324.825409 
332 324.806600 
333 324.787788 
334 324.768973 
335 324.750155 
336 324.731334 
337 324.712510 
338 324.693684 
339 324.674854 
340 324.656021 
341 324.637186 
342 324.618347 
343 324.599506 
344 324.580661 
345 324.561814 
346 324.542964 
347 324.524110 
348 324.505254 
349 324.486395 
350 324.467533 
351 324.448668 
352 324.429800 
353 324.410929 
354 324.392055 
355 324.373178 
356 324.354298 
357 324.335415 
358 324.316529 
359 324.297640 
360 324.278749 
361 324.259854 
362 324.240956 
363 324.222055 
364 324.203152 
365 324.184245 
366 324.165336 
367 324.146423 
368 324.127507 
369 324.108589 
370 324.089667 
371 324.070743 
372 324.051815 
373 324.032885 
374 324.013951 
375 323.995015 
376 323.976076 
377 323.957133 
378 323.938188 
379 323.919239 
380 323.900288 
381 323.881333 
382 323.862376 
383 323.843415 
384 323.824452 
385 323.805486 
386 323.786516 
387 323.767544 
388 323.748568 
389 323.729590 
390 323.710608 
391 323.691624 
392 323.672636 
393 323.653646 
394 323.634652 
395 323.615656 
396 323.596656 
397 323.577653 
398 323.558648 
399 323.539639 
400 323.520627 
401 323.501613 
402 323.482595 
403 323.463574 
404 323.444551 
405 323.425524 
406 323.406494 
407 323.387461 
408 323.368425 
409 323.349386 
410 323.330344 
411 323.311299 
412 323.292251 
413 323.273200 
414 323.254146 
415 323.235088 
416 323.216028 
417 323.196965 
418 323.177898 
419 323.158829 
420 323.139757 
421 323.120681 
422 323.101602 
423 323.082521 
424 323.063436 
425 323.044348 
426 323.025257 
427 323.006164 
428 322.987067 
429 322.967967 
430 322.948864 
431 322.929757 
432 322.910648 
433 322.891536 
434 322.872420 
435 322.853302 
436 322.834180 
437 322.815056 
438 322.795928 
439 322.776797 
440 322.757663 
441 322.738527 
442 322.719387 
443 322.700243 
444 322.681097 
445 322.661948 
446 322.642795 
447 322.623640 
448 322.604481 
449 322.585320 
450 322.566155 
451 322.546987 
452 322.527816 
453 322.508642 
454 322.489465 
455 322.470285 
456 322.451101 
457 322.431915 
458 322.412725 
459 322.393532 
460 322.374337 
461 322.355138 
462 322.335936 
463 322.316730 
464 322.297522 
465 322.278311 
466 322.259096 
467 322.239879 
468 322.220658 
469 322.201434 
470 322.182207 
471 322.162977 
472 322.143743 
473 322.124507 
474 322.105267 
475 322.086025 
476 322.066779 
477 322.047530 
478 322.028278 
479 322.009023 
480 321.989764 
481 321.970503 
482 321.951238 
483 321.931970 
484 321.912699 
485 321.893425 
486 321.874148 
487 321.854867 
488 321.835584 
489 321.816297 
490 321.797007 
491 321.777714 
492 321.758418 
493 321.739118 
494 321.719816 
495 321.700510 
496 321.681201 
497 321.661889 
498 321.642574 
499 321.623256 
500 321.603934 
501 321.584609 
502 321.565282 
503 321.545950 
504 321.526616 
505 321.507279 
506 321.487938 
507 321.468594 
508 321.449247 
509 321.429897 
510 321.410544 
511 321.391187 
512 321.371827 
513 321.352464 
514 321.333098 
515 321.313729 
516 321.294356 
517 321.274981 
518 321.255602 
519 321.236220 
520 321.216834 
521 321.197446 
522 321.178054 
523 321.158659 
524 321.139261 
525 321.119860 
526 321.100455 
527 321.081047 
528 321.061636 
529 321.042222 
530 321.022804 
531 321.003384 
532 320.983960 
533 320.964533 
534 320.945102 
535 320.925669 
536 320.906232 
537 320.886792 
538 320.867349 
539 320.847902 
540 320.828452 
541 320.808999 
542 320.789543 
543 320.770084 
544 320.750621 
545 320.731155 
546 320.711686 
547 320.692213 
548 320.672738 
549 320.653259 
550 320.633777 
551 320.614291 
552 320.594803 
553 320.575311 
554 320.555815 
555 320.536317 
556 320.516815 
557 320.497310 
558 320.477802 
559 320.458291 
560 320.438776 
561 320.419258 
562 320.399736 
563 320.380212 
564 320.360684 
565 320.341153 
566 320.321618 
567 320.302081 
568 320.282540 
569 320.262995 
570 320.243448 
571 320.223897 
572 320.204343 
573 320.184786 
574 320.165225 
575 320.145661 
576 320.126094 
577 320.106523 
578 320.086949 
579 320.067372 
580 320.047792 
581 320.028208 
582 320.008621 
583 319.989030 
584 319.969437 
585 319.949840 
586 319.930240 
587 319.910636 
588 319.891029 
589 319.871419 
590 319.851805 
591 319.832188 
592 319.812568 
593 319.792945 
594 319.773318 
595 319.753688 
596 319.734054 
597 319.714418 
598 319.694777 
599 319.675134 
600 319.655487 
601 319.635837 
602 319.616184 
603 319.596527 
604 319.576867 
605 319.557203 
606 319.537536 
607 319.517866 
608 319.498193 
609 319.478516 
610 319.458836 
611 319.439152 
612 319.419465 
613 319.399775 
614 319.380081 
615 319.360384 
616 319.340684 
617 319.320980 
618 319.301273 
619 319.281563 
620 319.261849 
621 319.242132 
622 319.222411 
623 319.202688 
624 319.182960 
625 319.163230 
626 319.143496 
627 319.123758 
628 319.104017 
629 319.084273 
630 319.064526 
631 319.044775 
632 319.025021 
633 319.005263 
634 318.985502 
635 318.965737 
636 318.945969 
637 318.926198 
638 318.906424 
639 318.886645 
640 318.866864 
641 318.847079 
642 318.827291 
643 318.807499 
644 318.787704 
645 318.767906 
646 318.748104 
647 318.728299 
648 318.708490 
649 318.688678 
650 318.668862 
651 318.649043 
652 318.629221 
653 318.609395 
654 318.589566 
655 318.569733 
656 318.549897 
657 318.530058 
658 318.510215 
659 318.490368 
660 318.470518 
661 318.450665 
662 318.430809 
663 318.410948 
664 318.391085 
665 318.371218 
666 318.351347 
667 318.331474 
668 318.311596 
669 318.291715 
670 318.271831 
671 318.251943 
672 318.232052 
673 318.212158 
674 318.192260 
675 318.172358 
676 318.152453 
677 318.132545 
678 318.112633 
679 318.092717 
680 318.072799 
681 318.052876 
682 318.032950 
683 318.013021 
684 317.993088 
685 317.973152 
686 317.953212 
687 317.933269 
688 317.913323 
689 317.893372 
690 317.873419 
691 317.853462 
692 317.833501 
693 317.813537 
694 317.793569 
695 317.773598 
696 317.753624 
697 317.733646 
698 317.713664 
699 317.693679 
700 317.673690 
701 317.653698 
702 317.633702 
703 317.613703 
704 317.593701 
705 317.573695 
706 317.553685 
707 317.533672 
708 317.513655 
709 317.493635 
710 317.473611 
711 317.453584 
712 317.433553 
713 317.413519 
714 317.393481 
715 317.373439 
716 317.353394 
717 317.333346 
718 317.313294 
719 317.293238 
720 317.273179 
721 317.253117 
722 317.233050 
723 317.212981 
724 317.192907 
725 317.172831 
726 317.152750 
727 317.132666 
728 317.112579 
729 317.092488 
730 317.072393 
731 317.052295 
732 317.032193 
733 317.012088 
734 316.991979 
735 316.971867 
736 316.951751 
737 316.931631 
738 316.911508 
739 316.891381 
740 316.871251 
741 316.851117 
742 316.830980 
743 316.810839 
744 316.790694 
745 316.770546 
746 316.750394 
747 316.730239 
748 316.710080 
749 316.689917 
750 316.669751 
751 316.649581 
752 316.629408 
753 316.609231 
754 316.589050 
755 316.568866 
756 316.548678 
757 316.528487 
758 316.508292 
759 316.488093 
760 316.467891 
761 316.447685 
762 316.427476 
763 316.407263 
764 316.387046 
765 316.366826 
766 316.346602 
767 316.326374 
768 316.306143 
769 316.285908 
770 316.265670 
771 316.245427 
772 316.225182 
773 316.204932 
774 316.184679 
775 316.164422 
776 316.144162 
777 316.123898 
778 316.103631 
779 316.083359 
780 316.063084 
781 316.042806 
782 316.022523 
783 316.002238 
784 315.981948 
785 315.961655 
786 315.941358 
787 315.921057 
788 315.900753 
789 315.880445 
790 315.860134 
791 315.839818 
792 315.819499 
793 315.799177 
794 315.778850 
795 315.758521 
796 315.738187 
797 315.717850 
798 315.697509 
799 315.677164 
800 315.656815 
801 315.636463 
802 315.616107 
803 315.595748 
804 315.575385 
805 315.555018 
806 315.534647 
807 315.514273 
808 315.493895 
809 315.473513 
810 315.453128 
811 315.432739 
812 315.412346 
813 315.391949 
814 315.371549 
815 315.351145 
816 315.330737 
817 315.310326 
818 315.289910 
819 315.269492 
820 315.249069 
821 315.228642 
822 315.208212 
823 315.187778 
824 315.167341 
825 315.146900 
826 315.126454 
827 315.106006 
828 315.085553 
829 315.065097 
830 315.044637 
831 315.024173 
832 315.003705 
833 314.983234 
834 314.962759 
835 314.942280 
836 314.921797 
837 314.901311 
838 314.880821 
839 314.860327 
840 314.839829 
841 314.819328 
842 314.798822 
843 314.778313 
844 314.757800 
845 314.737284 
846 314.716764 
847 314.696239 
848 314.675711 
849 314.655180 
850 314.634644 
851 314.614105 
852 314.593562 
853 314.573015 
854 314.552464 
855 314.531910 
856 314.511351 
857 314.490789 
858 314.470223 
859 314.449653 
860 314.429080 
861 314.408503 
862 314.387921 
863 314.367336 
864 314.346748 
865 314.326155 
866 314.305558 
867 314.284958 
868 314.264354 
869 314.243746 
870 314.223134 
871 314.202519 
872 314.181899 
873 314.161276 
874 314.140649 
875 314.120018 
876 314.099383 
877 314.078744 
878 314.058102 
879 314.037455 
880 314.016805 
881 313.996151 
882 313.975493 
883 313.954831 
884 313.934166 
885 313.913496 
886 313.892823 
887 313.872145 
888 313.851464 
889 313.830779 
890 313.810090 
891 313.789398 
892 313.768701 
893 313.748001 
894 313.727296 
895 313.706588 
896 313.685876 
897 313.665160 
898 313.644440 
899 313.623716 
900 313.602988 
901 313.582256 
902 313.561521 
903 313.540781 
904 313.520038 
905 313.499291 
906 313.478540 
907 313.457785 
908 313.437026 
909 313.416263 
910 313.395496 
911 313.374725 
912 313.353951 
913 313.333172 
914 313.312390 
915 313.291603 
916 313.270813 
917 313.250018 
918 313.229220 
919 313.208418 
920 313.187612 
921 313.166802 
922 313.145988 
923 313.125170 
924 313.104348 
925 313.083522 
926 313.062693 
927 313.041859 
928 313.021021 
929 313.000180 
930 312.979334 
931 312.958484 
932 312.937631 
933 312.916773 
934 312.895912 
935 312.875046 
936 312.854177 
937 312.833304 
938 312.812426 
939 312.791545 
940 312.770660 
941 312.749770 
942 312.728877 
943 312.707980 
944 312.687079 
945 312.666173 
946 312.645264 
947 312.624351 
948 312.603434 
949 312.582512 
950 312.561587 
951 312.540658 
952 312.519724 
953 312.498787 
954 312.477846 
955 312.456901 
956 312.435951 
957 312.414998 
958 312.394040 
959 312.373079 
960 312.352114 
961 312.331144 
962 312.310171 
963 312.289193 
964 312.268212 
965 312.247226 
966 312.226236 
967 312.205243 
968 312.184245 
969 312.163243 
970 312.142237 
971 312.121228 
972 312.100214 
973 312.079196 
974 312.058174 
975 312.037148 
976 312.016117 
977 311.995083 
978 311.974045 
979 311.953003 
980 311.931956 
981 311.910906 
982 311.889851 
983 311.868792 
984 311.847730 
985 311.826663 
986 311.805592 
987 311.784517 
988 311.763438 
989 311.742355 
990 311.721268 
991 311.700176 
992 311.679081 
993 311.657981 
994 311.636877 
995 311.615770 
996 311.594658 
997 311.573542 
998 311.552422 
999 311.531298 
1000 311.510169 
1001 311.489037 
1002 311.467900 
1003 311.446759 
1004 311.425615 
1005 311.404466 
1006 311.383313 
1007 311.362155 
1008 311.340994 
1009 311.319829 
1010 311.298659 
1011 311.277485 
1012 311.256307 
1013 311.235125 
1014 311.213939 
1015 311.192748 
1016 311.171554 
1017 311.150355 
1018 311.129152 
1019 311.107945 
1020 311.086734 
1021 311.065519 
1022 311.044299 
1023 311.023076 
1024 311.001848 
1025 310.980616 
1026 310.959380 
1027 310.938139 
1028 310.916895 
1029 310.895646 
1030 310.874393 
1031 310.853136 
1032 310.831874 
1033 310.810609 
1034 310.789339 
1035 310.768065 
1036 310.746787 
1037 310.725505 
1038 310.704218 
1039 310.682928 
1040 310.661633 
1041 310.640333 
1042 310.619030 
1043 310.597722 
1044 310.576411 
1045 310.555095 
1046 310.533774 
1047 310.512450 
1048 310.491121 
1049 310.469788 
1050 310.448451 
1051 310.427109 
1052 310.405764 
1053 310.384414 
1054 310.363060 
1055 310.341701 
1056 310.320338 
1057 310.298971 
1058 310.277600 
1059 310.256225 
1060 310.234845 
1061 310.213461 
1062 310.192073 
1063 310.170680 
1064 310.149284 
1065 310.127883 
1066 310.106477 
1067 310.085068 
1068 310.063654 
1069 310.042236 
1070 310.020813 
1071 309.999386 
1072 309.977955 
1073 309.956520 
1074 309.935080 
1075 309.913637 
1076 309.892188 
1077 309.870736 
1078 309.849279 
1079 309.827818 
1080 309.806352 
1081 309.784883 
1082 309.763409 
1083 309.741930 
1084 309.720448 
1085 309.698961 
1086 309.677469 
1087 309.655974 
1088 309.634474 
1089 309.612969 
1090 309.591461 
1091 309.569947 
1092 309.548430 
1093 309.526908 
1094 309.505382 
1095 309.483852 
1096 309.462317 
1097 309.440778 
1098 309.419235 
1099 309.397687 
1100 309.376135 
1101 309.354578 
1102 309.333017 
1103 309.311452 
1104 309.289882 
1105 309.268308 
1106 309.246730 
1107 309.225147 
1108 309.203560 
1109 309.181969 
1110 309.160373 
1111 309.138773 
1112 309.117168 
1113 309.095559 
1114 309.073945 
1115 309.052327 
1116 309.030705 
1117 309.009078 
1118 308.987447 
1119 308.965812 
1120 308.944172 
1121 308.922528 
1122 308.900879 
1123 308.879226 
1124 308.857568 
1125 308.835906 
1126 308.814240 
1127 308.792569 
1128 308.770894 
1129 308.749214 
1130 308.727530 
1131 308.705841 
1132 308.684148 
1133 308.662451 
1134 308.640749 
1135 308.619042 
1136 308.597331 
1137 308.575616 
1138 308.553896 
1139 308.532172 
1140 308.510443 
1141 308.488710 
1142 308.466973 
1143 308.445231 
1144 308.423484 
1145 308.401733 
1146 308.379977 
1147 308.358217 
1148 308.336453 
1149 308.314684 
1150 308.292910 
1151 308.271133 
1152 308.249350 
1153 308.227563 
1154 308.205772 
1155 308.183976 
1156 308.162175 
1157 308.140370 
1158 308.118561 
1159 308.096747 
1160 308.074928 
1161 308.053105 
1162 308.031278 
1163 308.009446 
1164 307.987609 
1165 307.965768 
1166 307.943922 
1167 307.922072 
1168 307.900217 
1169 307.878358 
1170 307.856494 
1171 307.834626 
1172 307.812753 
1173 307.790875 
1174 307.768993 
1175 307.747107 
1176 307.725215 
1177 307.703320 
1178 307.681419 
1179 307.659515 
1180 307.637605 
1181 307.615691 
1182 307.593773 
1183 307.571849 
1184 307.549922 
1185 307.527989 
1186 307.506052 
1187 307.484111 
1188 307.462165 
1189 307.440214 
1190 307.418259 
1191 307.396299 
1192 307.374334 
1193 307.352365 
1194 307.330392 
1195 307.308413 
1196 307.286430 
1197 307.264443 
1198 307.242451 
1199 307.220454 
1200 307.198452 
1201 307.176446 
1202 307.154436 
1203 307.132420 
1204 307.110400 
1205 307.088376 
1206 307.066346 
1207 307.044312 
1208 307.022274 
1209 307.000231 
1210 306.978183 
1211 306.956130 
1212 306.934073 
1213 306.912011 
1214 306.889945 
1215 306.867874 
1216 306.845798 
1217 306.823717 
1218 306.801632 
1219 306.779542 
1220 306.757448 
1221 306.735348 
1222 306.713245 
1223 306.691136 
1224 306.669023 
1225 306.646905 
1226 306.624782 
1227 306.602654 
1228 306.580522 
1229 306.558385 
1230 306.536244 
1231 306.514098 
1232 306.491947 
1233 306.469791 
1234 306.447631 
1235 306.425465 
1236 306.403296 
1237 306.381121 
1238 306.358942 
1239 306.336757 
1240 306.314569 
1241 306.292375 
1242 306.270177 
1243 306.247974 
1244 306.225766 
1245 306.203553 
1246 306.181336 
1247 306.159114 
1248 306.136887 
1249 306.114655 
1250 306.092419 
1251 306.070178 
1252 306.047932 
1253 306.025681 
1254 306.003426 
1255 305.981166 
1256 305.958900 
1257 305.936631 
1258 305.914356 
1259 305.892076 
1260 305.869792 
1261 305.847503 
1262 305.825209 
1263 305.802911 
1264 305.780607 
1265 305.758299 
1266 305.735986 
1267 305.713668 
1268 305.691345 
1269 305.669018 
1270 305.646685 
1271 305.624348 
1272 305.602006 
1273 305.579659 
1274 305.557307 
1275 305.534951 
1276 305.512589 
1277 305.490223 
1278 305.467852 
1279 305.445476 
1280 305.423095 
1281 305.400709 
1282 305.378319 
1283 305.355923 
1284 305.333523 
1285 305.311118 
1286 305.288708 
1287 305.266293 
1288 305.243873 
1289 305.221448 
1290 305.199018 
1291 305.176584 
1292 305.154145 
1293 305.131700 
1294 305.109251 
1295 305.086797 
1296 305.064338 
1297 305.041874 
1298 305.019405 
1299 304.996931 
1300 304.974453 
1301 304.951969 
1302 304.929481 
1303 304.906987 
1304 304.884489 
1305 304.861986 
1306 304.839477 
1307 304.816964 
1308 304.794446 
1309 304.771923 
1310 304.749395 
1311 304.726862 
1312 304.704324 
1313 304.681781 
1314 304.659233 
1315 304.636680 
1316 304.614122 
1317 304.591560 
1318 304.568992 
1319 304.546419 
1320 304.523841 
1321 304.501259 
1322 304.478671 
1323 304.456078 
1324 304.433481 
1325 304.410878 
1326 304.388270 
1327 304.365658 
1328 304.343040 
1329 304.320417 
1330 304.297790 
1331 304.275157 
1332 304.252519 
1333 304.229876 
1334 304.207229 
1335 304.184576 
1336 304.161918 
1337 304.139255 
1338 304.116587 
1339 304.093914 
1340 304.071236 
1341 304.048553 
1342 304.025865 
1343 304.003172 
1344 303.980473 
1345 303.957770 
1346 303.935062 
1347 303.912348 
1348 303.889630 
1349 303.866906 
1350 303.844178 
1351 303.821444 
1352 303.798705 
1353 303.775961 
1354 303.753212 
1355 303.730458 
1356 303.707699 
1357 303.684935 
1358 303.662165 
1359 303.639391 
1360 303.616611 
1361 303.593826 
1362 303.571037 
1363 303.548242 
1364 303.525441 
1365 303.502636 
1366 303.479826 
1367 303.457010 
1368 303.434190 
1369 303.411364 
1370 303.388533 
1371 303.365697 
1372 303.342856 
1373 303.320010 
1374 303.297158 
1375 303.274301 
1376 303.251440 
1377 303.228573 
1378 303.205700 
1379 303.182823 
1380 303.159941 
1381 303.137053 
1382 303.114160 
1383 303.091262 
1384 303.068359 
1385 303.045450 
1386 303.022537 
1387 302.999618 
1388 302.976694 
1389 302.953765 
1390 302.930830 
1391 302.907891 
1392 302.884946 
1393 302.861996 
1394 302.839040 
1395 302.816080 
1396 302.793114 
1397 302.770143 
1398 302.747167 
1399 302.724185 
1400 302.701198 
1401 302.678206 
1402 302.655209 
1403 302.632207 
1404 302.609199 
1405 302.586186 
1406 302.563168 
1407 302.540144 
1408 302.517115 
1409 302.494081 
1410 302.471042 
1411 302.447997 
1412 302.424947 
1413 302.401892 
1414 302.378832 
1415 302.355766 
1416 302.332695 
1417 302.309618 
1418 302.286537 
1419 302.263450 
1420 302.240357 
1421 302.217260 
1422 302.194157 
1423 302.171048 
1424 302.147935 
1425 302.124816 
1426 302.101691 
1427 302.078562 
1428 302.055427 
1429 302.032287 
1430 302.009141 
1431 301.985990 
1432 301.962834 
1433 301.939672 
1434 301.916505 
1435 301.893332 
1436 301.870155 
1437 301.846971 
1438 301.823783 
1439 301.800589 
1440 301.777390 
1441 301.754185 
1442 301.730975 
1443 301.707759 
1444 301.684538 
1445 301.661312 
1446 301.638080 
1447 301.614843 
1448 301.591601 
1449 301.568353 
1450 301.545100 
1451 301.521841 
1452 301.498577 
1453 301.475307 
1454 301.452032 
1455 301.428751 
1456 301.405465 
1457 301.382174 
1458 301.358877 
1459 301.335575 
1460 301.312267 
1461 301.288954 
1462 301.265635 
1463 301.242311 
1464 301.218982 
1465 301.195647 
1466 301.172306 
1467 301.148960 
1468 301.125609 
1469 301.102252 
1470 301.078889 
1471 301.055521 
1472 301.032148 
1473 301.008769 
1474 300.985384 
1475 300.961994 
1476 300.938599 
1477 300.915198 
1478 300.891791 
1479 300.868379 
1480 300.844962 
1481 300.821539 
1482 300.798110 
1483 300.774676 
1484 300.751236 
1485 300.727791 
1486 300.704340 
1487 300.680884 
1488 300.657422 
1489 300.633954 
1490 300.610481 
1491 300.587002 
1492 300.563518 
1493 300.540028 
1494 300.516533 
1495 300.493032 
1496 300.469526 
1497 300.446013 
1498 300.422496 
1499 300.398972 
1500 300.375443 
1501 300.351909 
1502 300.328369 
1503 300.304823 
1504 300.281272 
1505 300.257715 
1506 300.234152 
1507 300.210584 
1508 300.187010 
1509 300.163430 
1510 300.139845 
1511 300.116254 
1512 300.092658 
1513 300.069056 
1514 300.045448 
1515 300.021835 
1516 299.998216 
1517 299.974591 
1518 299.950960 
1519 299.927324 
1520 299.903683 
1521 299.880035 
1522 299.856382 
1523 299.832723 
1524 299.809059 
1525 299.785388 
1526 299.761712 
1527 299.738031 
1528 299.714343 
1529 299.690650 
1530 299.666952 
1531 299.643247 
1532 299.619537 
1533 299.595821 
1534 299.572099 
1535 299.548372 
1536 299.524639 
1537 299.500900 
1538 299.477155 
1539 299.453404 
1540 299.429648 
1541 299.405886 
1542 299.382119 
1543 299.358345 
1544 299.334566 
1545 299.310781 
1546 299.286990 
1547 299.263193 
1548 299.239391 
1549 299.215583 
1550 299.191769 
1551 299.167949 
1552 299.144124 
1553 299.120292 
1554 299.096455 
1555 299.072612 
1556 299.048763 
1557 299.024908 
1558 299.001048 
1559 298.977182 
1560 298.953309 
1561 298.929431 
1562 298.905548 
1563 298.881658 
1564 298.857762 
1565 298.833861 
1566 298.809954 
1567 298.786040 
1568 298.762121 
1569 298.738197 
1570 298.714266 
1571 298.690329 
1572 298.666387 
1573 298.642438 
1574 298.618484 
1575 298.594524 
1576 298.570558 
1577 298.546586 
1578 298.522608 
1579 298.498624 
1580 298.474634 
1581 298.450638 
1582 298.426637 
1583 298.402629 
1584 298.378616 
1585 298.354596 
1586 298.330571 
1587 298.306540 
1588 298.282502 
1589 298.258459 
1590 298.234410 
1591 298.210355 
1592 298.186294 
1593 298.162226 
1594 298.138153 
1595 298.114074 
1596 298.089989 
1597 298.065898 
1598 298.041801 
1599 298.017698 
1600 297.993589 
1601 297.969474 
1602 297.945353 
1603 297.921226 
1604 297.897093 
1605 297.872954 
1606 297.848809 
1607 297.824658 
1608 297.800500 
1609 297.776337 
1610 297.752168 
1611 297.727993 
1612 297.703811 
1613 297.679624 
1614 297.655430 
1615 297.631231 
1616 297.607025 
1617 297.582813 
1618 297.558596 
1619 297.534372 
1620 297.510142 
1621 297.485906 
1622 297.461663 
1623 297.437415 
1624 297.413161 
1625 297.388900 
1626 297.364634 
1627 297.340361 
1628 297.316082 
1629 297.291797 
1630 297.267506 
1631 297.243209 
1632 297.218906 
1633 297.194596 
1634 297.170281 
1635 297.145959 
1636 297.121631 
1637 297.097297 
1638 297.072956 
1639 297.048610 
1640 297.024257 
1641 296.999898 
1642 296.975533 
1643 296.951162 
1644 296.926785 
1645 296.902401 
1646 296.878011 
1647 296.853615 
1648 296.829213 
1649 296.804805 
1650 296.780390 
1651 296.755969 
1652 296.731542 
1653 296.707109 
1654 296.682669 
1655 296.658224 
1656 296.633772 
1657 296.609313 
1658 296.584849 
1659 296.560378 
1660 296.535901 
1661 296.511417 
1662 296.486928 
1663 296.462432 
1664 296.437930 
1665 296.413421 
1666 296.388907 
1667 296.364386 
1668 296.339858 
1669 296.315324 
1670 296.290785 
1671 296.266238 
1672 296.241686 
1673 296.217127 
1674 296.192561 
1675 296.167990 
1676 296.143412 
1677 296.118828 
1678 296.094237 
1679 296.069640 
1680 296.045037 
1681 296.020427 
1682 295.995811 
1683 295.971189 
1684 295.946560 
1685 295.921925 
1686 295.897283 
1687 295.872635 
1688 295.847981 
1689 295.823320 
1690 295.798653 
1691 295.773979 
1692 295.749299 
1693 295.724613 
1694 295.699920 
1695 295.675221 
1696 295.650515 
1697 295.625803 
1698 295.601085 
1699 295.576360 
1700 295.551628 
1701 295.526890 
1702 295.502146 
1703 295.477395 
1704 295.452638 
1705 295.427874 
1706 295.403104 
1707 295.378327 
1708 295.353544 
1709 295.328755 
1710 295.303958 
1711 295.279156 
1712 295.254346 
1713 295.229531 
1714 295.204709 
1715 295.179880 
1716 295.155045 
1717 295.130203 
1718 295.105354 
1719 295.080500 
1720 295.055638 
1721 295.030770 
1722 295.005896 
1723 294.981015 
1724 294.956127 
1725 294.931233 
1726 294.906332 
1727 294.881425 
1728 294.856511 
1729 294.831590 
1730 294.806663 
1731 294.781729 
1732 294.756789 
1733 294.731842 
1734 294.706888 
1735 294.681928 
1736 294.656961 
1737 294.631988 
1738 294.607008 
1739 294.582021 
1740 294.557028 
1741 294.532028 
1742 294.507021 
1743 294.482008 
1744 294.456988 
1745 294.431961 
1746 294.406928 
1747 294.381888 
1748 294.356841 
1749 294.331788 
1750 294.306728 
1751 294.281661 
1752 294.256588 
1753 294.231508 
1754 294.206421 
1755 294.181327 
1756 294.156227 
1757 294.131120 
1758 294.106006 
1759 294.080886 
1760 294.055758 
1761 294.030624 
1762 294.005484 
1763 293.980336 
1764 293.955182 
1765 293.930021 
1766 293.904853 
1767 293.879678 
1768 293.854497 
1769 293.829309 
1770 293.804114 
1771 293.778912 
1772 293.753703 
1773 293.728488 
1774 293.703266 
1775 293.678037 
1776 293.652801 
1777 293.627558 
1778 293.602309 
1779 293.577052 
1780 293.551789 
1781 293.526519 
1782 293.501242 
1783 293.475958 
1784 293.450668 
1785 293.425370 
1786 293.400066 
1787 293.374754 
1788 293.349436 
1789 293.324111 
1790 293.298779 
1791 293.273440 
1792 293.248095 
1793 293.222742 
1794 293.197382 
1795 293.172016 
1796 293.146642 
1797 293.121262 
1798 293.095875 
1799 293.070480 
1800 293.045079 
1801 293.019671 
1802 292.994256 
1803 292.968834 
1804 292.943405 
1805 292.917968 
1806 292.892525 
1807 292.867075 
1808 292.841618 
1809 292.816154 
1810 292.790683 
1811 292.765205 
1812 292.739720 
1813 292.714228 
1814 292.688729 
1815 292.663223 
1816 292.637710 
1817 292.612189 
1818 292.586662 
1819 292.561128 
1820 292.535586 
1821 292.510038 
1822 292.484482 
1823 292.458920 
1824 292.433350 
1825 292.407773 
1826 292.382189 
1827 292.356598 
1828 292.331000 
1829 292.305395 
1830 292.279783 
1831 292.254163 
1832 292.228537 
1833 292.202903 
1834 292.177262 
1835 292.151614 
1836 292.125959 
1837 292.100297 
1838 292.074628 
1839 292.048951 
1840 292.023267 
1841 291.997576 
1842 291.971878 
1843 291.946173 
1844 291.920460 
1845 291.894741 
1846 291.869014 
1847 291.843280 
1848 291.817538 
1849 291.791790 
1850 291.766034 
1851 291.740271 
1852 291.714501 
1853 291.688723 
1854 291.662939 
1855 291.637147 
1856 291.611347 
1857 291.585541 
1858 291.559727 
1859 291.533906 
1860 291.508078 
1861 291.482242 
1862 291.456399 
1863 291.430549 
1864 291.404691 
1865 291.378827 
1866 291.352954 
1867 291.327075 
1868 291.301188 
1869 291.275294 
1870 291.249392 
1871 291.223484 
1872 291.197567 
1873 291.171644 
1874 291.145713 
1875 291.119775 
1876 291.093829 
1877 291.067876 
1878 291.041916 
1879 291.015948 
1880 290.989972 
1881 290.963990 
1882 290.938000 
1883 290.912002 
1884 290.885997 
1885 290.859985 
1886 290.833965 
1887 290.807938 
1888 290.781904 
1889 290.755861 
1890 290.729812 
1891 290.703755 
1892 290.677690 
1893 290.651618 
1894 290.625539 
1895 290.599452 
1896 290.573358 
1897 290.547256 
1898 290.521146 
1899 290.495029 
1900 290.468905 
1901 290.442773 
1902 290.416633 
1903 290.390486 
1904 290.364332 
1905 290.338169 
1906 290.312000 
1907 290.285822 
1908 290.259638 
1909 290.233445 
1910 290.207245 
1911 290.181038 
1912 290.154822 
1913 290.128600 
1914 290.102369 
1915 290.076131 
1916 290.049886 
1917 290.023632 
1918 289.997372 
1919 289.971103 
1920 289.944827 
1921 289.918543 
1922 289.892252 
1923 289.865953 
1924 289.839646 
1925 289.813331 
1926 289.787009 
1927 289.760680 
1928 289.734342 
1929 289.707997 
1930 289.681644 
1931 289.655283 
1932 289.628915 
1933 289.602539 
1934 289.576155 
1935 289.549764 
1936 289.523365 
1937 289.496958 
1938 289.470543 
1939 289.444120 
1940 289.417690 
1941 289.391252 
1942 289.364806 
1943 289.338353 
1944 289.311891 
1945 289.285422 
1946 289.258945 
1947 289.232460 
1948 289.205967 
1949 289.179467 
1950 289.152959 
1951 289.126443 
1952 289.099919 
1953 289.073387 
1954 289.046847 
1955 289.020300 
1956 288.993744 
1957 288.967181 
1958 288.940610 
1959 288.914031 
1960 288.887444 
1961 288.860849 
1962 288.834246 
1963 288.807635 
1964 288.781017 
1965 288.754390 
1966 288.727756 
1967 288.701113 
1968 288.674463 
1969 288.647805 
1970 288.621138 
1971 288.594464 
1972 288.567782 
1973 288.541092 
1974 288.514394 
1975 288.487687 
1976 288.460973 
1977 288.434251 
1978 288.407521 
1979 288.380783 
1980 288.354036 
1981 288.327282 
1982 288.300520 
1983 288.273749 
1984 288.246971 
1985 288.220185 
1986 288.193390 
1987 288.166587 
1988 288.139777 
1989 288.112958 
1990 288.086131 
1991 288.059296 
1992 288.032453 
1993 288.005602 
1994 287.978742 
1995 287.951875 
1996 287.924999 
1997 287.898115 
1998 287.871224 
1999 287.844323 
2000 287.817415 
2001 287.790499 
2002 287.763574 
2003 287.736641 
2004 287.709701 
2005 287.682751 
2006 287.655794 
2007 287.628828 
2008 287.601855 
2009 287.574873 
2010 287.547882 
2011 287.520884 
2012 287.493877 
2013 287.466862 
2014 287.439839 
2015 287.412808 
2016 287.385768 
2017 287.358720 
2018 287.331663 
2019 287.304599 
2020 287.277526 
2021 287.250444 
2022 287.223355 
2023 287.196257 
2024 287.169151 
2025 287.142036 
2026 287.114913 
2027 287.087782 
2028 287.060642 
2029 287.033494 
2030 287.006338 
2031 286.979173 
2032 286.952000 
2033 286.924819 
2034 286.897629 
2035 286.870430 
2036 286.843224 
2037 286.816008 
2038 286.788785 
2039 286.761553 
2040 286.734312 
2041 286.707063 
2042 286.679806 
2043 286.652540 
2044 286.625265 
2045 286.597983 
2046 286.570691 
2047 286.543391 
2048 286.516083 
2049 286.488766 
2050 286.461441 
2051 286.434107 
2052 286.406765 
2053 286.379414 
2054 286.352054 
2055 286.324686 
2056 286.297309 
2057 286.269924 
2058 286.242530 
2059 286.215128 
2060 286.187717 
2061 286.160297 
2062 286.132869 
2063 286.105432 
2064 286.077987 
2065 286.050533 
2066 286.023070 
2067 285.995599 
2068 285.968119 
2069 285.940630 
2070 285.913133 
2071 285.885627 
2072 285.858112 
2073 285.830589 
2074 285.803057 
2075 285.775516 
2076 285.747967 
2077 285.720408 
2078 285.692842 
2079 285.665266 
2080 285.637681 
2081 285.610088 
2082 285.582486 
2083 285.554876 
2084 285.527256 
2085 285.499628 
2086 285.471991 
2087 285.444345 
2088 285.416690 
2089 285.389027 
2090 285.361355 
2091 285.333673 
2092 285.305984 
2093 285.278285 
2094 285.250577 
2095 285.222861 
2096 285.195135 
2097 285.167401 
2098 285.139658 
2099 285.111906 
2100 285.084145 
2101 285.056375 
2102 285.028596 
2103 285.000808 
2104 284.973012 
2105 284.945206 
2106 284.917392 
2107 284.889568 
2108 284.861736 
2109 284.833894 
2110 284.806044 
2111 284.778185 
2112 284.750316 
2113 284.722439 
2114 284.694553 
2115 284.666657 
2116 284.638753 
2117 284.610839 
2118 284.582917 
2119 284.554985 
2120 284.527045 
2121 284.499095 
2122 284.471136 
2123 284.443168 
2124 284.415191 
2125 284.387205 
2126 284.359210 
2127 284.331206 
2128 284.303193 
2129 284.275170 
2130 284.247138 
2131 284.219098 
2132 284.191048 
2133 284.162988 
2134 284.134920 
2135 284.106843 
2136 284.078756 
2137 284.050660 
2138 284.022555 
2139 283.994441 
2140 283.966317 
2141 283.938184 
2142 283.910042 
2143 283.881891 
2144 283.853731 
2145 283.825561 
2146 283.797382 
2147 283.769193 
2148 283.740996 
2149 283.712789 
2150 283.684572 
2151 283.656347 
2152 283.628112 
2153 283.599868 
2154 283.571614 
2155 283.543351 
2156 283.515079 
2157 283.486797 
2158 283.458506 
2159 283.430206 
2160 283.401896 
2161 283.373577 
2162 283.345248 
2163 283.316910 
2164 283.288563 
2165 283.260206 
2166 283.231839 
2167 283.203464 
2168 283.175078 
2169 283.146684 
2170 283.118279 
2171 283.089866 
2172 283.061442 
2173 283.033010 
2174 283.004568 
2175 282.976116 
2176 282.947654 
2177 282.919184 
2178 282.890703 
2179 282.862213 
2180 282.833714 
2181 282.805205 
2182 282.776686 
2183 282.748158 
2184 282.719620 
2185 282.691072 
2186 282.662515 
2187 282.633948 
2188 282.605372 
2189 282.576786 
2190 282.548190 
2191 282.519585 
2192 282.490970 
2193 282.462345 
2194 282.433711 
2195 282.405067 
2196 282.376413 
2197 282.347749 
2198 282.319076 
2199 282.290393 
2200 282.261700 
2201 282.232998 
2202 282.204285 
2203 282.175563 
2204 282.146831 
2205 282.118090 
2206 282.089338 
2207 282.060577 
2208 282.031806 
2209 282.003025 
2210 281.974234 
2211 281.945434 
2212 281.916623 
2213 281.887803 
2214 281.858973 
2215 281.830133 
2216 281.801283 
2217 281.772423 
2218 281.743553 
2219 281.714673 
2220 281.685784 
2221 281.656884 
2222 281.627974 
2223 281.599055 
2224 281.570125 
2225 281.541186 
2226 281.512236 
2227 281.483277 
2228 281.454307 
2229 281.425328 
2230 281.396338 
2231 281.367339 
2232 281.338329 
2233 281.309310 
2234 281.280280 
2235 281.251240 
2236 281.222190 
2237 281.193130 
2238 281.164060 
2239 281.134980 
2240 281.105890 
2241 281.076789 
2242 281.047679 
2243 281.018558 
2244 280.989427 
2245 280.960286 
2246 280.931134 
2247 280.901973 
2248 280.872801 
2249 280.843619 
2250 280.814427 
2251 280.785225 
2252 280.756012 
2253 280.726790 
2254 280.697557 
2255 280.668313 
2256 280.639060 
2257 280.609796 
2258 280.580521 
2259 280.551237 
2260 280.521942 
2261 280.492637 
2262 280.463321 
2263 280.433995 
2264 280.404659 
2265 280.375313 
2266 280.345956 
2267 280.316588 
2268 280.287210 
2269 280.257822 
2270 280.228424 
2271 280.199015 
2272 280.169595 
2273 280.140165 
2274 280.110725 
2275 280.081274 
2276 280.051812 
2277 280.022341 
2278 279.992858 
2279 279.963365 
2280 279.933862 
2281 279.904348 
2282 279.874824 
2283 279.845289 
2284 279.815743 
2285 279.786187 
2286 279.756620 
2287 279.727043 
2288 279.697455 
2289 279.667856 
2290 279.638247 
2291 279.608627 
2292 279.578997 
2293 279.549356 
2294 279.519704 
2295 279.490041 
2296 279.460368 
2297 279.430684 
2298 279.400990 
2299 279.371285 
2300 279.341569 
2301 279.311842 
2302 279.282104 
2303 279.252356 
2304 279.222597 
2305 279.192827 
2306 279.163046 
2307 279.133255 
2308 279.103453 
2309 279.073640 
2310 279.043816 
2311 279.013981 
2312 278.984135 
2313 278.954279 
2314 278.924411 
2315 278.894533 
2316 278.864644 
2317 278.834744 
2318 278.804833 
2319 278.774911 
2320 278.744978 
2321 278.715034 
2322 278.685079 
2323 278.655113 
2324 278.625136 
2325 278.595149 
2326 278.565150 
2327 278.535140 
2328 278.505119 
2329 278.475087 
2330 278.445044 
2331 278.414990 
2332 278.384925 
2333 278.354848 
2334 278.324761 
2335 278.294663 
2336 278.264553 
2337 278.234432 
2338 278.204300 
2339 278.174157 
2340 278.144003 
2341 278.113838 
2342 278.083661 
2343 278.053473 
2344 278.023274 
2345 277.993064 
2346 277.962843 
2347 277.932610 
2348 277.902366 
2349 277.872111 
2350 277.841844 
2351 277.811567 
2352 277.781277 
2353 277.750977 
2354 277.720665 
2355 277.690342 
2356 277.660008 
2357 277.629662 
2358 277.599304 
2359 277.568936 
2360 277.538556 
2361 277.508164 
2362 277.477762 
2363 277.447347 
2364 277.416922 
2365 277.386484 
2366 277.356036 
2367 277.325576 
2368 277.295104 
2369 277.264621 
2370 277.234126 
2371 277.203620 
2372 277.173102 
2373 277.142573 
2374 277.112032 
2375 277.081480 
2376 277.050916 
2377 277.020340 
2378 276.989753 
2379 276.959154 
2380 276.928543 
2381 276.897921 
2382 276.867288 
2383 276.836642 
2384 276.805985 
2385 276.775316 
2386 276.744635 
2387 276.713943 
2388 276.683239 
2389 276.652523 
2390 276.621796 
2391 276.591056 
2392 276.560305 
2393 276.529542 
2394 276.498768 
2395 276.467981 
2396 276.437183 
2397 276.406373 
2398 276.375551 
2399 276.344717 
2400 276.313871 
2401 276.283013 
2402 276.252144 
2403 276.221262 
2404 276.190369 
2405 276.159463 
2406 276.128546 
2407 276.097616 
2408 276.066675 
2409 276.035722 
2410 276.004756 
2411 275.973779 
2412 275.942790 
2413 275.911788 
2414 275.880775 
2415 275.849749 
2416 275.818712 
2417 275.787662 
2418 275.756600 
2419 275.725526 
2420 275.694440 
2421 275.663342 
2422 275.632231 
2423 275.601109 
2424 275.569974 
2425 275.538827 
2426 275.507668 
2427 275.476496 
2428 275.445312 
2429 275.414117 
2430 275.382908 
2431 275.351688 
2432 275.320455 
2433 275.289210 
2434 275.257953 
2435 275.226683 
2436 275.195401 
2437 275.164106 
2438 275.132800 
2439 275.101480 
2440 275.070149 
2441 275.038805 
2442 275.007448 
2443 274.976079 
2444 274.944698 
2445 274.913304 
2446 274.881898 
2447 274.850479 
2448 274.819048 
2449 274.787604 
2450 274.756148 
2451 274.724679 
2452 274.693198 
2453 274.661704 
2454 274.630197 
2455 274.598678 
2456 274.567146 
2457 274.535602 
2458 274.504044 
2459 274.472475 
2460 274.440892 
2461 274.409297 
2462 274.377689 
2463 274.346069 
2464 274.314436 
2465 274.282790 
2466 274.251131 
2467 274.219459 
2468 274.187775 
2469 274.156078 
2470 274.124368 
2471 274.092645 
2472 274.060910 
2473 274.029162 
2474 273.997400 
2475 273.965626 
2476 273.933839 
2477 273.902039 
2478 273.870226 
2479 273.838400 
2480 273.806562 
2481 273.774710 
2482 273.742845 
2483 273.710968 
2484 273.679077 
2485 273.647173 
2486 273.615256 
2487 273.583327 
2488 273.551384 
2489 273.519428 
2490 273.487459 
2491 273.455476 
2492 273.423481 
2493 273.391473 
2494 273.359451 
2495 273.327416 
2496 273.295368 
2497 273.263307 
2498 273.231233 
2499 273.199145 
2500 273.167044 
2501 273.134930 
2502 273.102803 
2503 273.070662 
2504 273.038508 
2505 273.006341 
2506 272.974160 
2507 272.941967 
2508 272.909759 
2509 272.877539 
2510 272.845304 
2511 272.813057 
2512 272.780796 
2513 272.748522 
2514 272.716234 
2515 272.683933 
2516 272.651618 
2517 272.619290 
2518 272.586948 
2519 272.554593 
2520 272.522224 
2521 272.489841 
2522 272.457445 
2523 272.425036 
2524 272.392613 
2525 272.360176 
2526 272.327725 
2527 272.295261 
2528 272.262784 
2529 272.230292 
2530 272.197787 
2531 272.165268 
2532 272.132736 
2533 272.100189 
2534 272.067629 
2535 272.035055 
2536 272.002468 
2537 271.969866 
2538 271.937251 
2539 271.904622 
2540 271.871979 
2541 271.839322 
2542 271.806651 
2543 271.773967 
2544 271.741268 
2545 271.708556 
2546 271.675829 
2547 271.643089 
2548 271.610334 
2549 271.577566 
2550 271.544783 
2551 271.511987 
2552 271.479176 
2553 271.446352 
2554 271.413513 
2555 271.380660 
2556 271.347794 
2557 271.314913 
2558 271.282017 
2559 271.249108 
2560 271.216185 
2561 271.183247 
2562 271.150295 
2563 271.117329 
2564 271.084348 
2565 271.051354 
2566 271.018345 
2567 270.985322 
2568 270.952284 
2569 270.919232 
2570 270.886166 
2571 270.853085 
2572 270.819990 
2573 270.786881 
2574 270.753757 
2575 270.720619 
2576 270.687466 
2577 270.654299 
2578 270.621118 
2579 270.587921 
2580 270.554711 
2581 270.521486 
2582 270.488246 
2583 270.454992 
2584 270.421723 
2585 270.388439 
2586 270.355141 
2587 270.321828 
2588 270.288501 
2589 270.255159 
2590 270.221802 
2591 270.188431 
2592 270.155045 
2593 270.121644 
2594 270.088228 
2595 270.054797 
2596 270.021352 
2597 269.987892 
2598 269.954417 
2599 269.920927 
2600 269.887423 
2601 269.853903 
2602 269.820369 
2603 269.786820 
2604 269.753255 
2605 269.719676 
2606 269.686082 
2607 269.652473 
2608 269.618848 
2609 269.585209 
2610 269.551555 
2611 269.517886 
2612 269.484201 
2613 269.450502 
2614 269.416787 
2615 269.383057 
2616 269.349312 
2617 269.315552 
2618 269.281777 
2619 269.247986 
2620 269.214181 
2621 269.180360 
2622 269.146523 
2623 269.112672 
2624 269.078805 
2625 269.044923 
2626 269.011025 
2627 268.977112 
2628 268.943184 
2629 268.909241 
2630 268.875282 
2631 268.841307 
2632 268.807317 
2633 268.773312 
2634 268.739291 
2635 268.705254 
2636 268.671202 
2637 268.637135 
2638 268.603052 
2639 268.568953 
2640 268.534839 
2641 268.500709 
2642 268.466564 
2643 268.432402 
2644 268.398225 
2645 268.364033 
2646 268.329825 
2647 268.295601 
2648 268.261361 
2649 268.227105 
2650 268.192834 
2651 268.158547 
2652 268.124244 
2653 268.089925 
2654 268.055590 
2655 268.021239 
2656 267.986873 
2657 267.952490 
2658 267.918092 
2659 267.883677 
2660 267.849247 
2661 267.814800 
2662 267.780338 
2663 267.745859 
2664 267.711364 
2665 267.676854 
2666 267.642327 
2667 267.607784 
2668 267.573225 
2669 267.538649 
2670 267.504058 
2671 267.469450 
2672 267.434826 
2673 267.400186 
2674 267.365529 
2675 267.330856 
2676 267.296167 
2677 267.261462 
2678 267.226740 
2679 267.192001 
2680 267.157247 
2681 267.122476 
2682 267.087688 
2683 267.052884 
2684 267.018064 
2685 266.983227 
2686 266.948373 
2687 266.913503 
2688 266.878616 
2689 266.843713 
2690 266.808793 
2691 266.773857 
2692 266.738903 
2693 266.703934 
2694 266.668947 
2695 266.633944 
2696 266.598924 
2697 266.563887 
2698 266.528833 
2699 266.493763 
2700 266.458676 
2701 266.423572 
2702 266.388451 
2703 266.353313 
2704 266.318158 
2705 266.282986 
2706 266.247798 
2707 266.212592 
2708 266.177370 
2709 266.142130 
2710 266.106873 
2711 266.071599 
2712 266.036309 
2713 266.001001 
2714 265.965675 
2715 265.930333 
2716 265.894974 
2717 265.859597 
2718 265.824203 
2719 265.788792 
2720 265.753364 
2721 265.717918 
2722 265.682455 
2723 265.646974 
2724 265.611477 
2725 265.575962 
2726 265.540429 
2727 265.504879 
2728 265.469312 
2729 265.433727 
2730 265.398124 
2731 265.362504 
2732 265.326867 
2733 265.291212 
2734 265.255539 
2735 265.219849 
2736 265.184141 
2737 265.148416 
2738 265.112673 
2739 265.076912 
2740 265.041133 
2741 265.005337 
2742 264.969522 
2743 264.933690 
2744 264.897840 
2745 264.861973 
2746 264.826087 
2747 264.790184 
2748 264.754262 
2749 264.718323 
2750 264.682366 
2751 264.646391 
2752 264.610397 
2753 264.574386 
2754 264.538356 
2755 264.502309 
2756 264.466243 
2757 264.430160 
2758 264.394058 
2759 264.357938 
2760 264.321799 
2761 264.285643 
2762 264.249468 
2763 264.213275 
2764 264.177063 
2765 264.140834 
2766 264.104585 
2767 264.068319 
2768 264.032034 
2769 263.995731 
2770 263.959409 
2771 263.923069 
2772 263.886710 
2773 263.850332 
2774 263.813937 
2775 263.777522 
2776 263.741089 
2777 263.704637 
2778 263.668167 
2779 263.631678 
2780 263.595170 
2781 263.558643 
2782 263.522098 
2783 263.485534 
2784 263.448951 
2785 263.412349 
2786 263.375729 
2787 263.339089 
2788 263.302431 
2789 263.265753 
2790 263.229057 
2791 263.192342 
2792 263.155607 
2793 263.118854 
2794 263.082081 
2795 263.045290 
2796 263.008479 
2797 262.971649 
2798 262.934800 
2799 262.897931 
2800 262.861044 
2801 262.824137 
2802 262.787211 
2803 262.750265 
2804 262.713301 
2805 262.676317 
2806 262.639313 
2807 262.602290 
2808 262.565248 
2809 262.528186 
2810 262.491104 
2811 262.454003 
2812 262.416883 
2813 262.379743 
2814 262.342583 
2815 262.305404 
2816 262.268205 
2817 262.230986 
2818 262.193747 
2819 262.156489 
2820 262.119211 
2821 262.081913 
2822 262.044596 
2823 262.007258 
2824 261.969901 
2825 261.932523 
2826 261.895126 
2827 261.857709 
2828 261.820271 
2829 261.782814 
2830 261.745337 
2831 261.707839 
2832 261.670322 
2833 261.632784 
2834 261.595226 
2835 261.557648 
2836 261.520049 
2837 261.482430 
2838 261.444791 
2839 261.407132 
2840 261.369452 
2841 261.331752 
2842 261.294032 
2843 261.256291 
2844 261.218530 
2845 261.180748 
2846 261.142945 
2847 261.105122 
2848 261.067279 
2849 261.029414 
2850 260.991530 
2851 260.953624 
2852 260.915698 
2853 260.877751 
2854 260.839783 
2855 260.801794 
2856 260.763785 
2857 260.725755 
2858 260.687703 
2859 260.649631 
2860 260.611538 
2861 260.573424 
2862 260.535289 
2863 260.497133 
2864 260.458956 
2865 260.420758 
2866 260.382538 
2867 260.344298 
2868 260.306036 
2869 260.267753 
2870 260.229448 
2871 260.191123 
2872 260.152776 
2873 260.114407 
2874 260.076018 
2875 260.037607 
2876 259.999174 
2877 259.960720 
2878 259.922244 
2879 259.883747 
2880 259.845229 
2881 259.806688 
2882 259.768126 
2883 259.729543 
2884 259.690937 
2885 259.652310 
2886 259.613661 
2887 259.574990 
2888 259.536298 
2889 259.497584 
2890 259.458847 
2891 259.420089 
2892 259.381309 
2893 259.342506 
2894 259.303682 
2895 259.264836 
2896 259.225967 
2897 259.187077 
2898 259.148164 
2899 259.109229 
2900 259.070272 
2901 259.031292 
2902 258.992290 
2903 258.953266 
2904 258.914220 
2905 258.875151 
2906 258.836059 
2907 258.796946 
2908 258.757809 
2909 258.718650 
2910 258.679469 
2911 258.640265 
2912 258.601038 
2913 258.561788 
2914 258.522516 
2915 258.483221 
2916 258.443904 
2917 258.404563 
2918 258.365200 
2919 258.325813 
2920 258.286404 
2921 258.246972 
2922 258.207517 
2923 258.168039 
2924 258.128537 
2925 258.089013 
2926 258.049465 
2927 258.009895 
2928 257.970301 
2929 257.930683 
2930 257.891043 
2931 257.851379 
2932 257.811692 
2933 257.771981 
2934 257.732247 
2935 257.692490 
2936 257.652709 
2937 257.612904 
2938 257.573076 
2939 257.533225 
2940 257.493349 
2941 257.453450 
2942 257.413527 
2943 257.373581 
2944 257.333610 
2945 257.293616 
2946 257.253598 
2947 257.213556 
2948 257.173490 
2949 257.133400 
2950 257.093286 
2951 257.053148 
2952 257.012986 
2953 256.972800 
2954 256.932589 
2955 256.892355 
2956 256.852096 
2957 256.811813 
2958 256.771505 
2959 256.731173 
2960 256.690817 
2961 256.650436 
2962 256.610030 
2963 256.569601 
2964 256.529146 
2965 256.488667 
2966 256.448163 
2967 256.407635 
2968 256.367082 
2969 256.326504 
2970 256.285901 
2971 256.245274 
2972 256.204621 
2973 256.163944 
2974 256.123242 
2975 256.082514 
2976 256.041762 
2977 256.000984 
2978 255.960182 
2979 255.919354 
2980 255.878501 
2981 255.837623 
2982 255.796719 
2983 255.755790 
2984 255.714836 
2985 255.673856 
2986 255.632851 
2987 255.591820 
2988 255.550764 
2989 255.509682 
2990 255.468575 
2991 255.427442 
2992 255.386283 
2993 255.345098 
2994 255.303888 
2995 255.262652 
2996 255.221390 
2997 255.180102 
2998 255.138788 
2999 255.097448 
3000 255.056081 
3001 255.014689 
3002 254.973271 
3003 254.931826 
3004 254.890356 
3005 254.848859 
3006 254.807335 
3007 254.765785 
3008 254.724209 
3009 254.682607 
3010 254.640978 
3011 254.599322 
3012 254.557640 
3013 254.515931 
3014 254.474195 
3015 254.432433 
3016 254.390644 
3017 254.348828 
3018 254.306986 
3019 254.265116 
3020 254.223220 
3021 254.181296 
3022 254.139346 
3023 254.097368 
3024 254.055363 
3025 254.013331 
3026 253.971272 
3027 253.929186 
3028 253.887072 
3029 253.844931 
3030 253.802763 
3031 253.760567 
3032 253.718343 
3033 253.676092 
3034 253.633813 
3035 253.591507 
3036 253.549173 
3037 253.506812 
3038 253.464422 
3039 253.422005 
3040 253.379560 
3041 253.337087 
3042 253.294585 
3043 253.252056 
3044 253.209499 
3045 253.166914 
3046 253.124300 
3047 253.081659 
3048 253.038989 
3049 252.996290 
3050 252.953564 
3051 252.910808 
3052 252.868025 
3053 252.825213 
3054 252.782372 
3055 252.739503 
3056 252.696605 
3057 252.653678 
3058 252.610723 
3059 252.567739 
3060 252.524725 
3061 252.481683 
3062 252.438612 
3063 252.395512 
3064 252.352383 
3065 252.309225 
3066 252.266037 
3067 252.222821 
3068 252.179575 
3069 252.136299 
3070 252.092995 
3071 252.049661 
3072 252.006297 
3073 251.962904 
3074 251.919481 
3075 251.876029 
3076 251.832546 
3077 251.789035 
3078 251.745493 
3079 251.701921 
3080 251.658320 
3081 251.614688 
3082 251.571027 
3083 251.527335 
3084 251.483614 
3085 251.439862 
3086 251.396080 
3087 251.352267 
3088 251.308424 
3089 251.264551 
3090 251.220648 
3091 251.176713 
3092 251.132749 
3093 251.088753 
3094 251.044727 
3095 251.000670 
3096 250.956583 
3097 250.912464 
3098 250.868315 
3099 250.824135 
3100 250.779923 
3101 250.735681 
3102 250.691407 
3103 250.647102 
3104 250.602766 
3105 250.558399 
3106 250.514000 
3107 250.469570 
3108 250.425108 
3109 250.380615 
3110 250.336090 
3111 250.291534 
3112 250.246946 
3113 250.202326 
3114 250.157674 
3115 250.112990 
3116 250.068275 
3117 250.023527 
3118 249.978747 
3119 249.933935 
3120 249.889091 
3121 249.844215 
3122 249.799306 
3123 249.754365 
3124 249.709391 
3125 249.664385 
3126 249.619347 
3127 249.574276 
3128 249.529172 
3129 249.484035 
3130 249.438866 
3131 249.393663 
3132 249.348428 
3133 249.303160 
3134 249.257859 
3135 249.212524 
3136 249.167156 
3137 249.121756 
3138 249.076321 
3139 249.030854 
3140 248.985353 
3141 248.939818 
3142 248.894250 
3143 248.848648 
3144 248.803013 
3145 248.757343 
3146 248.711640 
3147 248.665903 
3148 248.620133 
3149 248.574328 
3150 248.528489 
3151 248.482615 
3152 248.436708 
3153 248.390766 
3154 248.344790 
3155 248.298779 
3156 248.252734 
3157 248.206655 
3158 248.160541 
3159 248.114392 
3160 248.068208 
3161 248.021989 
3162 247.975736 
3163 247.929448 
3164 247.883124 
3165 247.836766 
3166 247.790372 
3167 247.743943 
3168 247.697479 
3169 247.650979 
3170 247.604444 
3171 247.557873 
3172 247.511267 
3173 247.464625 
3174 247.417947 
3175 247.371233 
3176 247.324484 
3177 247.277699 
3178 247.230877 
3179 247.184020 
3180 247.137126 
3181 247.090196 
3182 247.043230 
3183 246.996227 
3184 246.949188 
3185 246.902112 
3186 246.855000 
3187 246.807851 
3188 246.760665 
3189 246.713443 
3190 246.666183 
3191 246.618887 
3192 246.571553 
3193 246.524183 
3194 246.476775 
3195 246.429330 
3196 246.381847 
3197 246.334327 
3198 246.286770 
3199 246.239174 
3200 246.191542 
3201 246.143871 
3202 246.096163 
3203 246.048416 
3204 246.000632 
3205 245.952810 
3206 245.904949 
3207 245.857051 
3208 245.809114 
3209 245.761138 
3210 245.713124 
3211 245.665072 
3212 245.616981 
3213 245.568851 
3214 245.520683 
3215 245.472475 
3216 245.424229 
3217 245.375944 
3218 245.327619 
3219 245.279256 
3220 245.230853 
3221 245.182410 
3222 245.133929 
3223 245.085407 
3224 245.036847 
3225 244.988246 
3226 244.939606 
3227 244.890925 
3228 244.842205 
3229 244.793445 
3230 244.744645 
3231 244.695804 
3232 244.646924 
3233 244.598002 
3234 244.549041 
3235 244.500039 
3236 244.450996 
3237 244.401912 
3238 244.352788 
3239 244.303623 
3240 244.254416 
3241 244.205169 
3242 244.155881 
3243 244.106551 
3244 244.057180 
3245 244.007767 
3246 243.958313 
3247 243.908818 
3248 243.859280 
3249 243.809701 
3250 243.760080 
3251 243.710417 
3252 243.660712 
3253 243.610965 
3254 243.561176 
3255 243.511344 
3256 243.461470 
3257 243.411553 
3258 243.361593 
3259 243.311591 
3260 243.261546 
3261 243.211458 
3262 243.161327 
3263 243.111153 
3264 243.060936 
3265 243.010676 
3266 242.960372 
3267 242.910024 
3268 242.859633 
3269 242.809199 
3270 242.758720 
3271 242.708198 
3272 242.657632 
3273 242.607021 
3274 242.556367 
3275 242.505668 
3276 242.454925 
3277 242.404137 
3278 242.353305 
3279 242.302428 
3280 242.251506 
3281 242.200540 
3282 242.149528 
3283 242.098471 
3284 242.047369 
3285 241.996222 
3286 241.945030 
3287 241.893792 
3288 241.842508 
3289 241.791178 
3290 241.739803 
3291 241.688382 
3292 241.636915 
3293 241.585402 
3294 241.533842 
3295 241.482236 
3296 241.430584 
3297 241.378885 
3298 241.327139 
3299 241.275347 
3300 241.223508 
3301 241.171621 
3302 241.119688 
3303 241.067707 
3304 241.015679 
3305 240.963604 
3306 240.911481 
3307 240.859311 
3308 240.807092 
3309 240.754826 
3310 240.702512 
3311 240.650149 
3312 240.597739 
3313 240.545280 
3314 240.492772 
3315 240.440216 
3316 240.387611 
3317 240.334958 
3318 240.282255 
3319 240.229504 
3320 240.176703 
3321 240.123853 
3322 240.070954 
3323 240.018005 
3324 239.965006 
3325 239.911958 
3326 239.858860 
3327 239.805712 
3328 239.752513 
3329 239.699265 
3330 239.645966 
3331 239.592617 
3332 239.539217 
3333 239.485766 
3334 239.432264 
3335 239.378712 
3336 239.325108 
3337 239.271453 
3338 239.217747 
3339 239.163989 
3340 239.110180 
3341 239.056319 
3342 239.002406 
3343 238.948441 
3344 238.894424 
3345 238.840354 
3346 238.786233 
3347 238.732058 
3348 238.677831 
3349 238.623552 
3350 238.569219 
3351 238.514834 
3352 238.460395 
3353 238.405903 
3354 238.351357 
3355 238.296758 
3356 238.242105 
3357 238.187398 
3358 238.132638 
3359 238.077823 
3360 238.022954 
3361 237.968030 
3362 237.913052 
3363 237.858019 
3364 237.802932 
3365 237.747789 
3366 237.692592 
3367 237.637339 
3368 237.582031 
3369 237.526667 
3370 237.471248 
3371 237.415772 
3372 237.360241 
3373 237.304654 
3374 237.249010 
3375 237.193310 
3376 237.137554 
3377 237.081741 
3378 237.025871 
3379 236.969944 
3380 236.913960 
3381 236.857919 
3382 236.801820 
3383 236.745663 
3384 236.689449 
3385 236.633177 
3386 236.576847 
3387 236.520459 
3388 236.464012 
3389 236.407507 
3390 236.350944 
3391 236.294321 
3392 236.237640 
3393 236.180899 
3394 236.124099 
3395 236.067240 
3396 236.010321 
3397 235.953342 
3398 235.896303 
3399 235.839204 
3400 235.782045 
3401 235.724826 
3402 235.667546 
3403 235.610205 
3404 235.552804 
3405 235.495341 
3406 235.437817 
3407 235.380232 
3408 235.322585 
3409 235.264876 
3410 235.207106 
3411 235.149273 
3412 235.091378 
3413 235.033421 
3414 234.975401 
3415 234.917318 
3416 234.859173 
3417 234.800964 
3418 234.742692 
3419 234.684357 
3420 234.625958 
3421 234.567495 
3422 234.508968 
3423 234.450377 
3424 234.391721 
3425 234.333001 
3426 234.274217 
3427 234.215367 
3428 234.156452 
3429 234.097472 
3430 234.038427 
3431 233.979316 
3432 233.920139 
3433 233.860896 
3434 233.801587 
3435 233.742212 
3436 233.682770 
3437 233.623261 
3438 233.563685 
3439 233.504042 
3440 233.444332 
3441 233.384554 
3442 233.324709 
3443 233.264795 
3444 233.204814 
3445 233.144764 
3446 233.084645 
3447 233.024458 
3448 232.964202 
3449 232.903877 
3450 232.843482 
3451 232.783018 
3452 232.722485 
3453 232.661881 
3454 232.601207 
3455 232.540463 
3456 232.479648 
3457 232.418762 
3458 232.357806 
3459 232.296778 
3460 232.235679 
3461 232.174508 
3462 232.113266 
3463 232.051951 
3464 231.990564 
3465 231.929105 
3466 231.867573 
3467 231.805968 
3468 231.744290 
3469 231.682538 
3470 231.620713 
3471 231.558814 
3472 231.496842 
3473 231.434794 
3474 231.372673 
3475 231.310477 
3476 231.248205 
3477 231.185859 
3478 231.123437 
3479 231.060940 
3480 230.998367 
3481 230.935717 
3482 230.872992 
3483 230.810189 
3484 230.747310 
3485 230.684354 
3486 230.621321 
3487 230.558210 
3488 230.495022 
3489 230.431755 
3490 230.368410 
3491 230.304987 
3492 230.241485 
3493 230.177903 
3494 230.114243 
3495 230.050503 
3496 229.986684 
3497 229.922784 
3498 229.858804 
3499 229.794744 
3500 229.730603 
3501 229.666381 
3502 229.602077 
3503 229.537692 
3504 229.473225 
3505 229.408677 
3506 229.344045 
3507 229.279332 
3508 229.214535 
3509 229.149655 
3510 229.084692 
3511 229.019645 
3512 228.954514 
3513 228.889299 
3514 228.823999 
3515 228.758615 
3516 228.693145 
3517 228.627591 
3518 228.561950 
3519 228.496224 
3520 228.430411 
3521 228.364512 
3522 228.298526 
3523 228.232454 
3524 228.166293 
3525 228.100046 
3526 228.033710 
3527 227.967286 
3528 227.900773 
3529 227.834172 
3530 227.767481 
3531 227.700701 
3532 227.633832 
3533 227.566872 
3534 227.499822 
3535 227.432681 
3536 227.365449 
3537 227.298126 
3538 227.230712 
3539 227.163205 
3540 227.095607 
3541 227.027915 
3542 226.960131 
3543 226.892254 
3544 226.824283 
3545 226.756218 
3546 226.688060 
3547 226.619806 
3548 226.551458 
3549 226.483015 
3550 226.414476 
3551 226.345842 
3552 226.277111 
3553 226.208284 
3554 226.139359 
3555 226.070338 
3556 226.001219 
3557 225.932002 
3558 225.862687 
3559 225.793274 
3560 225.723761 
3561 225.654150 
3562 225.584438 
3563 225.514627 
3564 225.444715 
3565 225.374702 
3566 225.304588 
3567 225.234373 
3568 225.164056 
3569 225.093637 
3570 225.023115 
3571 224.952490 
3572 224.881762 
3573 224.810930 
3574 224.739994 
3575 224.668953 
3576 224.597807 
3577 224.526557 
3578 224.455200 
3579 224.383738 
3580 224.312169 
3581 224.240493 
3582 224.168710 
3583 224.096819 
3584 224.024820 
3585 223.952713 
3586 223.880496 
3587 223.808171 
3588 223.735735 
3589 223.663190 
3590 223.590534 
3591 223.517767 
3592 223.444888 
3593 223.371898 
3594 223.298795 
3595 223.225580 
3596 223.152251 
3597 223.078809 
3598 223.005253 
3599 222.931582 
3600 222.857797 
3601 222.783896 
3602 222.709879 
3603 222.635746 
3604 222.561496 
3605 222.487129 
3606 222.412644 
3607 222.338041 
3608 222.263320 
3609 222.188479 
3610 222.113519 
3611 222.038438 
3612 221.963238 
3613 221.887916 
3614 221.812472 
3615 221.736907 
3616 221.661219 
3617 221.585408 
3618 221.509474 
3619 221.433416 
3620 221.357233 
3621 221.280925 
3622 221.204491 
3623 221.127932 
3624 221.051246 
3625 220.974432 
3626 220.897492 
3627 220.820423 
3628 220.743225 
3629 220.665898 
3630 220.588441 
3631 220.510854 
3632 220.433136 
3633 220.355287 
3634 220.277306 
3635 220.199192 
3636 220.120945 
3637 220.042564 
3638 219.964049 
3639 219.885399 
3640 219.806614 
3641 219.727693 
3642 219.648635 
3643 219.569440 
3644 219.490107 
3645 219.410636 
3646 219.331026 
3647 219.251277 
3648 219.171387 
3649 219.091356 
3650 219.011184 
3651 218.930870 
3652 218.850413 
3653 218.769813 
3654 218.689069 
3655 218.608180 
3656 218.527146 
3657 218.445966 
3658 218.364640 
3659 218.283166 
3660 218.201545 
3661 218.119775 
3662 218.037855 
3663 217.955786 
3664 217.873566 
3665 217.791195 
3666 217.708672 
3667 217.625996 
3668 217.543167 
3669 217.460184 
3670 217.377046 
3671 217.293752 
3672 217.210302 
3673 217.126695 
3674 217.042931 
3675 216.959008 
3676 216.874925 
3677 216.790683 
3678 216.706280 
3679 216.621715 
3680 216.536989 
3681 216.452099 
3682 216.367045 
3683 216.281827 
3684 216.196443 
3685 216.110893 
3686 216.025176 
3687 215.939291 
3688 215.853238 
3689 215.767015 
3690 215.680622 
3691 215.594058 
3692 215.507321 
3693 215.420412 
3694 215.333329 
3695 215.246072 
3696 215.158639 
3697 215.071030 
3698 214.983243 
3699 214.895279 
3700 214.807136 
3701 214.718812 
3702 214.630308 
3703 214.541622 
3704 214.452754 
3705 214.363702 
3706 214.274465 
3707 214.185043 
3708 214.095434 
3709 214.005638 
3710 213.915654 
3711 213.825480 
3712 213.735116 
3713 213.644561 
3714 213.553813 
3715 213.462872 
3716 213.371737 
3717 213.280406 
3718 213.188878 
3719 213.097153 
3720 213.005230 
3721 212.913107 
3722 212.820783 
3723 212.728257 
3724 212.635529 
3725 212.542596 
3726 212.449459 
3727 212.356115 
3728 212.262563 
3729 212.168804 
3730 212.074834 
3731 211.980654 
3732 211.886262 
3733 211.791656 
3734 211.696837 
3735 211.601801 
3736 211.506549 
3737 211.411079 
3738 211.315389 
3739 211.219479 
3740 211.123348 
3741 211.026993 
3742 210.930414 
3743 210.833609 
3744 210.736578 
3745 210.639318 
3746 210.541829 
3747 210.444109 
3748 210.346156 
3749 210.247970 
3750 210.149549 
3751 210.050892 
3752 209.951997 
3753 209.852862 
3754 209.753487 
3755 209.653870 
3756 209.554010 
3757 209.453904 
3758 209.353552 
3759 209.252952 
3760 209.152103 
3761 209.051002 
3762 208.949649 
3763 208.848042 
3764 208.746179 
3765 208.644059 
3766 208.541680 
3767 208.439040 
3768 208.336138 
3769 208.232973 
3770 208.129542 
3771 208.025844 
3772 207.921877 
3773 207.817639 
3774 207.713129 
3775 207.608345 
3776 207.503285 
3777 207.397948 
3778 207.292331 
3779 207.186433 
3780 207.080252 
3781 206.973786 
3782 206.867033 
3783 206.759991 
3784 206.652659 
3785 206.545034 
3786 206.437114 
3787 206.328898 
3788 206.220384 
3789 206.111568 
3790 206.002450 
3791 205.893028 
3792 205.783298 
3793 205.673260 
3794 205.562911 
3795 205.452248 
3796 205.341270 
3797 205.229974 
3798 205.118359 
3799 205.006421 
3800 204.894159 
3801 204.781570 
3802 204.668653 
3803 204.555404 
3804 204.441821 
3805 204.327901 
3806 204.213644 
3807 204.099045 
3808 203.984102 
3809 203.868813 
3810 203.753176 
3811 203.637187 
3812 203.520845 
3813 203.404146 
3814 203.287087 
3815 203.169667 
3816 203.051882 
3817 202.933730 
3818 202.815207 
3819 202.696311 
3820 202.577039 
3821 202.457388 
3822 202.337356 
3823 202.216938 
3824 202.096133 
3825 201.974937 
3826 201.853346 
3827 201.731359 
3828 201.608971 
3829 201.486180 
3830 201.362982 
3831 201.239374 
3832 201.115352 
3833 200.990914 
3834 200.866055 
3835 200.740772 
3836 200.615063 
3837 200.488922 
3838 200.362348 
3839 200.235335 
3840 200.107880 
3841 199.979980 
3842 199.851631 
3843 199.722828 
3844 199.593568 
3845 199.463848 
3846 199.333662 
3847 199.203007 
3848 199.071879 
3849 198.940274 
3850 198.808187 
3851 198.675614 
3852 198.542550 
3853 198.408992 
3854 198.274935 
3855 198.140374 
3856 198.005304 
3857 197.869722 
3858 197.733621 
3859 197.596998 
3860 197.459848 
3861 197.322165 
3862 197.183944 
3863 197.045181 
3864 196.905870 
3865 196.766006 
3866 196.625584 
3867 196.484598 
3868 196.343042 
3869 196.200912 
3870 196.058201 
3871 195.914904 
3872 195.771014 
3873 195.626526 
3874 195.481434 
3875 195.335732 
3876 195.189413 
3877 195.042471 
3878 194.894900 
3879 194.746692 
3880 194.597843 
3881 194.448343 
3882 194.298188 
3883 194.147370 
3884 193.995881 
3885 193.843714 
3886 193.690863 
3887 193.537320 
3888 193.383076 
3889 193.228125 
3890 193.072458 
3891 192.916067 
3892 192.758945 
3893 192.601083 
3894 192.442473 
3895 192.283105 
3896 192.122971 
3897 191.962063 
3898 191.800371 
3899 191.637886 
3900 191.474599 
3901 191.310499 
3902 191.145578 
3903 190.979825 
3904 190.813230 
3905 190.645783 
3906 190.477473 
3907 190.308290 
3908 190.138222 
3909 189.967258 
3910 189.795388 
3911 189.622599 
3912 189.448879 
3913 189.274217 
3914 189.098599 
3915 188.922015 
3916 188.744449 
3917 188.565890 
3918 188.386325 
3919 188.205738 
3920 188.024117 
3921 187.841447 
3922 187.657714 
3923 187.472902 
3924 187.286996 
3925 187.099981 
3926 186.911840 
3927 186.722558 
3928 186.532118 
3929 186.340503 
3930 186.147695 
3931 185.953676 
3932 185.758428 
3933 185.561932 
3934 185.364170 
3935 185.165121 
3936 184.964765 
3937 184.763083 
3938 184.560052 
3939 184.355651 
3940 184.149857 
3941 183.942649 
3942 183.734002 
3943 183.523893 
3944 183.312297 
3945 183.099188 
3946 182.884542 
3947 182.668330 
3948 182.450527 
3949 182.231103 
3950 182.010029 
3951 181.787277 
3952 181.562815 
3953 181.336612 
3954 181.108636 
3955 180.878853 
3956 180.647229 
3957 180.413729 
3958 180.178316 
3959 179.940953 
3960 179.701601 
3961 179.460220 
3962 179.216769 
3963 178.971205 
3964 178.723486 
3965 178.473564 
3966 178.221394 
3967 177.966927 
3968 177.710114 
3969 177.450902 
3970 177.189238 
3971 176.925066 
3972 176.658329 
3973 176.388968 
3974 176.116921 
3975 175.842123 
3976 175.564510 
3977 175.284010 
3978 175.000554 
3979 174.714067 
3980 174.424470 
3981 174.131685 
3982 173.835627 
3983 173.536208 
3984 173.233338 
3985 172.926922 
3986 172.616861 
3987 172.303051 
3988 171.985386 
3989 171.663750 
3990 171.338028 
3991 171.008093 
3992 170.673818 
3993 170.335066 
3994 169.991694 
3995 169.643552 
3996 169.290482 
3997 168.932318 
3998 168.568886 
3999 168.200000 
4000 167.825465 
4001 167.445077 
4002 167.058617 
4003 166.665855 
4004 166.266545 
4005 165.860428 
4006 165.447227 
4007 165.026650 
4008 164.598382 
4009 164.162087 
4010 163.717410 
4011 163.263964 
4012 162.801340 
4013 162.329095 
4014 161.846751 
4015 161.353794 
4016 160.849669 
4017 160.333771 
4018 159.805445 
4019 159.263978 
4020 158.708588 
4021 158.138422 
4022 157.552541 
4023 156.949909 
4024 156.329381 
4025 155.689685 
4026 155.029402 
4027 154.346946 
4028 153.640528 
4029 152.908126 
4030 152.147441 
4031 151.355841 
4032 150.530292 
4033 149.667271 
4034 148.762653 
4035 147.811564 
4036 146.808177 
4037 145.745452 
4038 144.614756 
4039 143.405337 
4040 142.103554 
4041 140.691708 
4042 139.146219 
4043 137.434619 
4044 135.510312 
4045 133.302717 
4046 130.696749 
4047 127.483642 
4048 123.214162 
4049 116.541731 
4050 69.998542 
