0 321.252858 
1 321.227995 
2 321.203123 
3 321.178243 
4 321.153354 
5 321.128456 
6 321.103550 
7 321.078635 
8 321.053712 
9 321.028780 
10 321.003839 
11 320.978889 
12 320.953931 
13 320.928964 
14 320.903989 
15 320.879004 
16 320.854011 
17 320.829010 
18 320.803999 
19 320.778980 
20 320.753952 
21 320.728915 
22 320.703869 
23 320.678815 
24 320.653752 
25 320.628680 
26 320.603600 
27 320.578510 
28 320.553412 
29 320.528305 
30 320.503189 
31 320.478064 
32 320.452930 
33 320.427788 
34 320.402637 
35 320.377476 
36 320.352307 
37 320.327129 
38 320.301942 
39 320.276747 
40 320.251542 
41 320.226328 
42 320.201106 
43 320.175874 
44 320.150634 
45 320.125385 
46 320.100126 
47 320.074859 
48 320.049583 
49 320.024298 
50 319.999003 
51 319.973700 
52 319.948388 
53 319.923067 
54 319.897737 
55 319.872397 
56 319.847049 
57 319.821692 
58 319.796325 
59 319.770950 
60 319.745565 
61 319.720172 
62 319.694769 
63 319.669357 
64 319.643936 
65 319.618506 
66 319.593067 
67 319.567619 
68 319.542161 
69 319.516695 
70 319.491219 
71 319.465734 
72 319.440240 
73 319.414737 
74 319.389224 
75 319.363703 
76 319.338172 
77 319.312632 
78 319.287083 
79 319.261524 
80 319.235957 
81 319.210380 
82 319.184793 
83 319.159198 
84 319.133593 
85 319.107979 
86 319.082356 
87 319.056723 
88 319.031081 
89 319.005430 
90 318.979769 
91 318.954100 
92 318.928420 
93 318.902732 
94 318.877034 
95 318.851326 
96 318.825610 
97 318.799884 
98 318.774148 
99 318.748403 
100 318.722649 
101 318.696885 
102 318.671112 
103 318.645330 
104 318.619538 
105 318.593736 
106 318.567925 
107 318.542105 
108 318.516275 
109 318.490436 
110 318.464587 
111 318.438729 
112 318.412861 
113 318.386983 
114 318.361096 
115 318.335200 
116 318.309294 
117 318.283378 
118 318.257453 
119 318.231518 
120 318.205574 
121 318.179620 
122 318.153657 
123 318.127684 
124 318.101701 
125 318.075708 
126 318.049706 
127 318.023695 
128 317.997673 
129 317.971642 
130 317.945602 
131 317.919551 
132 317.893491 
133 317.867422 
134 317.841342 
135 317.815253 
136 317.789154 
137 317.763045 
138 317.736927 
139 317.710799 
140 317.684661 
141 317.658513 
142 317.632356 
143 317.606188 
144 317.580011 
145 317.553824 
146 317.527628 
147 317.501421 
148 317.475205 
149 317.448978 
150 317.422742 
151 317.396496 
152 317.370240 
153 317.343974 
154 317.317699 
155 317.291413 
156 317.265118 
157 317.238812 
158 317.212497 
159 317.186172 
160 317.159836 
161 317.133491 
162 317.107136 
163 317.080771 
164 317.054395 
165 317.028010 
166 317.001615 
167 316.975210 
168 316.948795 
169 316.922369 
170 316.895934 
171 316.869488 
172 316.843033 
173 316.816567 
174 316.790092 
175 316.763606 
176 316.737110 
177 316.710604 
178 316.684088 
179 316.657562 
180 316.631025 
181 316.604479 
182 316.577922 
183 316.551355 
184 316.524778 
185 316.498191 
186 316.471593 
187 316.444985 
188 316.418367 
189 316.391739 
190 316.365101 
191 316.338452 
192 316.311793 
193 316.285124 
194 316.258444 
195 316.231754 
196 316.205054 
197 316.178344 
198 316.151623 
199 316.124892 
200 316.098150 
201 316.071399 
202 316.044636 
203 316.017864 
204 315.991081 
205 315.964287 
206 315.937484 
207 315.910669 
208 315.883845 
209 315.857010 
210 315.830164 
211 315.803308 
212 315.776442 
213 315.749565 
214 315.722677 
215 315.695779 
216 315.668871 
217 315.641952 
218 315.615023 
219 315.588082 
220 315.561132 
221 315.534171 
222 315.507199 
223 315.480217 
224 315.453224 
225 315.426220 
226 315.399206 
227 315.372181 
228 315.345146 
229 315.318100 
230 315.291043 
231 315.263976 
232 315.236898 
233 315.209809 
234 315.182709 
235 315.155599 
236 315.128478 
237 315.101347 
238 315.074204 
239 315.047051 
240 315.019887 
241 314.992713 
242 314.965527 
243 314.938331 
244 314.911124 
245 314.883906 
246 314.856677 
247 314.829438 
248 314.802187 
249 314.774926 
250 314.747654 
251 314.720371 
252 314.693077 
253 314.665772 
254 314.638456 
255 314.611129 
256 314.583792 
257 314.556443 
258 314.529084 
259 314.501713 
260 314.474332 
261 314.446939 
262 314.419536 
263 314.392121 
264 314.364695 
265 314.337259 
266 314.309811 
267 314.282352 
268 314.254883 
269 314.227402 
270 314.199910 
271 314.172407 
272 314.144893 
273 314.117367 
274 314.089831 
275 314.062283 
276 314.034724 
277 314.007154 
278 313.979573 
279 313.951981 
280 313.924377 
281 313.896762 
282 313.869136 
283 313.841499 
284 313.813851 
285 313.786191 
286 313.758520 
287 313.730837 
288 313.703144 
289 313.675439 
290 313.647722 
291 313.619995 
292 313.592256 
293 313.564505 
294 313.536744 
295 313.508970 
296 313.481186 
297 313.453390 
298 313.425583 
299 313.397764 
300 313.369934 
301 313.342092 
302 313.314239 
303 313.286374 
304 313.258498 
305 313.230610 
306 313.202711 
307 313.174801 
308 313.146878 
309 313.118945 
310 313.090999 
311 313.063042 
312 313.035074 
313 313.007094 
314 312.979102 
315 312.951099 
316 312.923084 
317 312.895057 
318 312.867019 
319 312.838969 
320 312.810907 
321 312.782834 
322 312.754749 
323 312.726652 
324 312.698544 
325 312.670423 
326 312.642291 
327 312.614148 
328 312.585992 
329 312.557825 
330 312.529646 
331 312.501455 
332 312.473252 
333 312.445037 
334 312.416811 
335 312.388572 
336 312.360322 
337 312.332060 
338 312.303786 
339 312.275500 
340 312.247202 
341 312.218892 
342 312.190570 
343 312.162236 
344 312.133890 
345 312.105533 
346 312.077163 
347 312.048781 
348 312.020387 
349 311.991981 
350 311.963563 
351 311.935133 
352 311.906691 
353 311.878237 
354 311.849770 
355 311.821292 
356 311.792801 
357 311.764298 
358 311.735784 
359 311.707256 
360 311.678717 
361 311.650166 
362 311.621602 
363 311.593026 
364 311.564438 
365 311.535837 
366 311.507224 
367 311.478599 
368 311.449962 
369 311.421312 
370 311.392650 
371 311.363976 
372 311.335290 
373 311.306591 
374 311.277879 
375 311.249155 
376 311.220419 
377 311.191671 
378 311.162910 
379 311.134136 
380 311.105350 
381 311.076552 
382 311.047741 
383 311.018917 
384 310.990081 
385 310.961233 
386 310.932372 
387 310.903499 
388 310.874612 
389 310.845714 
390 310.816802 
391 310.787879 
392 310.758942 
393 310.729993 
394 310.701031 
395 310.672057 
396 310.643070 
397 310.614070 
398 310.585057 
399 310.556032 
400 310.526994 
401 310.497943 
402 310.468880 
403 310.439803 
404 310.410714 
405 310.381612 
406 310.352498 
407 310.323370 
408 310.294230 
409 310.265077 
410 310.235911 
411 310.206732 
412 310.177540 
413 310.148335 
414 310.119117 
415 310.089886 
416 310.060643 
417 310.031386 
418 310.002116 
419 309.972834 
420 309.943538 
421 309.914229 
422 309.884908 
423 309.855573 
424 309.826225 
425 309.796864 
426 309.767490 
427 309.738103 
428 309.708702 
429 309.679289 
430 309.649862 
431 309.620422 
432 309.590969 
433 309.561503 
434 309.532024 
435 309.502531 
436 309.473025 
437 309.443506 
438 309.413973 
439 309.384427 
440 309.354868 
441 309.325296 
442 309.295710 
443 309.266111 
444 309.236498 
445 309.206872 
446 309.177233 
447 309.147580 
448 309.117914 
449 309.088234 
450 309.058541 
451 309.028835 
452 308.999114 
453 308.969381 
454 308.939634 
455 308.909873 
456 308.880099 
457 308.850311 
458 308.820510 
459 308.790694 
460 308.760866 
461 308.731024 
462 308.701168 
463 308.671298 
464 308.641415 
465 308.611518 
466 308.581607 
467 308.551683 
468 308.521744 
469 308.491792 
470 308.461827 
471 308.431847 
472 308.401854 
473 308.371847 
474 308.341826 
475 308.311791 
476 308.281742 
477 308.251679 
478 308.221603 
479 308.191512 
480 308.161408 
481 308.131290 
482 308.101157 
483 308.071011 
484 308.040851 
485 308.010676 
486 307.980488 
487 307.950286 
488 307.920069 
489 307.889839 
490 307.859594 
491 307.829335 
492 307.799062 
493 307.768775 
494 307.738474 
495 307.708158 
496 307.677829 
497 307.647485 
498 307.617127 
499 307.586754 
500 307.556368 
501 307.525967 
502 307.495552 
503 307.465122 
504 307.434678 
505 307.404220 
506 307.373747 
507 307.343260 
508 307.312759 
509 307.282243 
510 307.251713 
511 307.221168 
512 307.190609 
513 307.160035 
514 307.129447 
515 307.098844 
516 307.068227 
517 307.037595 
518 307.006949 
519 306.976288 
520 306.945612 
521 306.914922 
522 306.884217 
523 306.853498 
524 306.822764 
525 306.792015 
526 306.761251 
527 306.730473 
528 306.699680 
529 306.668872 
530 306.638049 
531 306.607212 
532 306.576360 
533 306.545492 
534 306.514610 
535 306.483714 
536 306.452802 
537 306.421875 
538 306.390934 
539 306.359977 
540 306.329006 
541 306.298019 
542 306.267018 
543 306.236001 
544 306.204970 
545 306.173923 
546 306.142861 
547 306.111784 
548 306.080693 
549 306.049586 
550 306.018463 
551 305.987326 
552 305.956174 
553 305.925006 
554 305.893823 
555 305.862625 
556 305.831411 
557 305.800183 
558 305.768939 
559 305.737679 
560 305.706405 
561 305.675115 
562 305.643809 
563 305.612488 
564 305.581152 
565 305.549801 
566 305.518433 
567 305.487051 
568 305.455653 
569 305.424239 
570 305.392810 
571 305.361366 
572 305.329906 
573 305.298430 
574 305.266939 
575 305.235432 
576 305.203909 
577 305.172371 
578 305.140817 
579 305.109247 
580 305.077662 
581 305.046061 
582 305.014444 
583 304.982811 
584 304.951163 
585 304.919499 
586 304.887818 
587 304.856123 
588 304.824411 
589 304.792683 
590 304.760939 
591 304.729180 
592 304.697404 
593 304.665613 
594 304.633805 
595 304.601982 
596 304.570142 
597 304.538287 
598 304.506415 
599 304.474527 
600 304.442623 
601 304.410703 
602 304.378767 
603 304.346815 
604 304.314846 
605 304.282862 
606 304.250861 
607 304.218843 
608 304.186810 
609 304.154760 
610 304.122694 
611 304.090611 
612 304.058513 
613 304.026397 
614 303.994266 
615 303.962118 
616 303.929953 
617 303.897772 
618 303.865575 
619 303.833361 
620 303.801130 
621 303.768883 
622 303.736619 
623 303.704339 
624 303.672042 
625 303.639729 
626 303.607399 
627 303.575052 
628 303.542688 
629 303.510308 
630 303.477911 
631 303.445497 
632 303.413067 
633 303.380619 
634 303.348155 
635 303.315674 
636 303.283176 
637 303.250661 
638 303.218129 
639 303.185581 
640 303.153015 
641 303.120432 
642 303.087833 
643 303.055216 
644 303.022582 
645 302.989932 
646 302.957264 
647 302.924579 
648 302.891877 
649 302.859157 
650 302.826421 
651 302.793667 
652 302.760896 
653 302.728108 
654 302.695303 
655 302.662480 
656 302.629640 
657 302.596782 
658 302.563907 
659 302.531015 
660 302.498106 
661 302.465179 
662 302.432234 
663 302.399272 
664 302.366293 
665 302.333296 
666 302.300281 
667 302.267249 
668 302.234199 
669 302.201132 
670 302.168047 
671 302.134944 
672 302.101824 
673 302.068686 
674 302.035530 
675 302.002357 
676 301.969165 
677 301.935956 
678 301.902729 
679 301.869484 
680 301.836222 
681 301.802941 
682 301.769642 
683 301.736326 
684 301.702991 
685 301.669639 
686 301.636268 
687 301.602880 
688 301.569473 
689 301.536048 
690 301.502605 
691 301.469144 
692 301.435665 
693 301.402168 
694 301.368652 
695 301.335118 
696 301.301566 
697 301.267996 
698 301.234407 
699 301.200800 
700 301.167175 
701 301.133531 
702 301.099869 
703 301.066188 
704 301.032489 
705 300.998771 
706 300.965035 
707 300.931280 
708 300.897507 
709 300.863715 
710 300.829904 
711 300.796075 
712 300.762227 
713 300.728361 
714 300.694475 
715 300.660571 
716 300.626649 
717 300.592707 
718 300.558747 
719 300.524767 
720 300.490769 
721 300.456752 
722 300.422716 
723 300.388661 
724 300.354587 
725 300.320494 
726 300.286382 
727 300.252251 
728 300.218101 
729 300.183932 
730 300.149743 
731 300.115536 
732 300.081309 
733 300.047063 
734 300.012798 
735 299.978513 
736 299.944209 
737 299.909886 
738 299.875543 
739 299.841182 
740 299.806800 
741 299.772399 
742 299.737979 
743 299.703539 
744 299.669080 
745 299.634601 
746 299.600103 
747 299.565585 
748 299.531047 
749 299.496490 
750 299.461913 
751 299.427316 
752 299.392700 
753 299.358064 
754 299.323408 
755 299.288732 
756 299.254036 
757 299.219321 
758 299.184585 
759 299.149830 
760 299.115054 
761 299.080259 
762 299.045444 
763 299.010608 
764 298.975753 
765 298.940877 
766 298.905981 
767 298.871065 
768 298.836129 
769 298.801172 
770 298.766196 
771 298.731199 
772 298.696182 
773 298.661144 
774 298.626086 
775 298.591008 
776 298.555909 
777 298.520789 
778 298.485650 
779 298.450489 
780 298.415308 
781 298.380107 
782 298.344885 
783 298.309642 
784 298.274379 
785 298.239095 
786 298.203790 
787 298.168464 
788 298.133118 
789 298.097751 
790 298.062363 
791 298.026954 
792 297.991524 
793 297.956073 
794 297.920601 
795 297.885109 
796 297.849595 
797 297.814060 
798 297.778504 
799 297.742927 
800 297.707328 
801 297.671709 
802 297.636068 
803 297.600406 
804 297.564723 
805 297.529019 
806 297.493293 
807 297.457545 
808 297.421777 
809 297.385987 
810 297.350175 
811 297.314342 
812 297.278487 
813 297.242611 
814 297.206713 
815 297.170793 
816 297.134852 
817 297.098889 
818 297.062905 
819 297.026898 
820 296.990870 
821 296.954820 
822 296.918748 
823 296.882655 
824 296.846539 
825 296.810401 
826 296.774242 
827 296.738060 
828 296.701856 
829 296.665630 
830 296.629382 
831 296.593112 
832 296.556820 
833 296.520505 
834 296.484168 
835 296.447809 
836 296.411428 
837 296.375024 
838 296.338598 
839 296.302149 
840 296.265678 
841 296.229184 
842 296.192668 
843 296.156129 
844 296.119568 
845 296.082984 
846 296.046377 
847 296.009748 
848 295.973095 
849 295.936420 
850 295.899723 
851 295.863002 
852 295.826259 
853 295.789492 
854 295.752703 
855 295.715890 
856 295.679055 
857 295.642196 
858 295.605315 
859 295.568410 
860 295.531482 
861 295.494531 
862 295.457557 
863 295.420559 
864 295.383538 
865 295.346494 
866 295.309426 
867 295.272335 
868 295.235221 
869 295.198083 
870 295.160921 
871 295.123736 
872 295.086527 
873 295.049295 
874 295.012039 
875 294.974759 
876 294.937455 
877 294.900128 
878 294.862777 
879 294.825401 
880 294.788002 
881 294.750580 
882 294.713133 
883 294.675662 
884 294.638167 
885 294.600647 
886 294.563104 
887 294.525537 
888 294.487945 
889 294.450329 
890 294.412689 
891 294.375024 
892 294.337336 
893 294.299622 
894 294.261885 
895 294.224122 
896 294.186336 
897 294.148524 
898 294.110688 
899 294.072828 
900 294.034942 
901 293.997032 
902 293.959098 
903 293.921138 
904 293.883154 
905 293.845144 
906 293.807110 
907 293.769051 
908 293.730967 
909 293.692858 
910 293.654723 
911 293.616564 
912 293.578379 
913 293.540169 
914 293.501934 
915 293.463674 
916 293.425388 
917 293.387077 
918 293.348741 
919 293.310379 
920 293.271991 
921 293.233578 
922 293.195140 
923 293.156675 
924 293.118186 
925 293.079670 
926 293.041129 
927 293.002562 
928 292.963969 
929 292.925350 
930 292.886705 
931 292.848034 
932 292.809338 
933 292.770615 
934 292.731866 
935 292.693091 
936 292.654290 
937 292.615462 
938 292.576608 
939 292.537728 
940 292.498822 
941 292.459889 
942 292.420930 
943 292.381944 
944 292.342932 
945 292.303893 
946 292.264828 
947 292.225736 
948 292.186617 
949 292.147471 
950 292.108299 
951 292.069100 
952 292.029873 
953 291.990620 
954 291.951340 
955 291.912033 
956 291.872699 
957 291.833338 
958 291.793949 
959 291.754534 
960 291.715091 
961 291.675620 
962 291.636123 
963 291.596598 
964 291.557045 
965 291.517465 
966 291.477858 
967 291.438223 
968 291.398560 
969 291.358869 
970 291.319151 
971 291.279405 
972 291.239632 
973 291.199830 
974 291.160000 
975 291.120143 
976 291.080257 
977 291.040344 
978 291.000402 
979 290.960432 
980 290.920434 
981 290.880407 
982 290.840353 
983 290.800270 
984 290.760158 
985 290.720018 
986 290.679850 
987 290.639653 
988 290.599427 
989 290.559173 
990 290.518890 
991 290.478578 
992 290.438237 
993 290.397868 
994 290.357470 
995 290.317042 
996 290.276586 
997 290.236100 
998 290.195586 
999 290.155042 
1000 290.114469 
1001 290.073867 
1002 290.033235 
1003 289.992574 
1004 289.951884 
1005 289.911164 
1006 289.870415 
1007 289.829636 
1008 289.788827 
1009 289.747989 
1010 289.707121 
1011 289.666223 
1012 289.625295 
1013 289.584338 
1014 289.543350 
1015 289.502332 
1016 289.461285 
1017 289.420207 
1018 289.379099 
1019 289.337961 
1020 289.296792 
1021 289.255593 
1022 289.214364 
1023 289.173104 
1024 289.131814 
1025 289.090493 
1026 289.049142 
1027 289.007760 
1028 288.966347 
1029 288.924903 
1030 288.883429 
1031 288.841923 
1032 288.800387 
1033 288.758820 
1034 288.717221 
1035 288.675592 
1036 288.633931 
1037 288.592239 
1038 288.550516 
1039 288.508761 
1040 288.466975 
1041 288.425158 
1042 288.383308 
1043 288.341428 
1044 288.299515 
1045 288.257571 
1046 288.215596 
1047 288.173588 
1048 288.131549 
1049 288.089477 
1050 288.047374 
1051 288.005238 
1052 287.963071 
1053 287.920871 
1054 287.878639 
1055 287.836374 
1056 287.794077 
1057 287.751748 
1058 287.709387 
1059 287.666992 
1060 287.624566 
1061 287.582106 
1062 287.539614 
1063 287.497089 
1064 287.454531 
1065 287.411940 
1066 287.369316 
1067 287.326659 
1068 287.283969 
1069 287.241246 
1070 287.198490 
1071 287.155700 
1072 287.112877 
1073 287.070021 
1074 287.027131 
1075 286.984207 
1076 286.941250 
1077 286.898259 
1078 286.855235 
1079 286.812176 
1080 286.769084 
1081 286.725958 
1082 286.682798 
1083 286.639603 
1084 286.596375 
1085 286.553112 
1086 286.509815 
1087 286.466484 
1088 286.423118 
1089 286.379718 
1090 286.336283 
1091 286.292814 
1092 286.249310 
1093 286.205771 
1094 286.162198 
1095 286.118589 
1096 286.074946 
1097 286.031267 
1098 285.987554 
1099 285.943805 
1100 285.900021 
1101 285.856202 
1102 285.812348 
1103 285.768458 
1104 285.724532 
1105 285.680571 
1106 285.636574 
1107 285.592542 
1108 285.548474 
1109 285.504370 
1110 285.460229 
1111 285.416053 
1112 285.371841 
1113 285.327593 
1114 285.283309 
1115 285.238988 
1116 285.194631 
1117 285.150237 
1118 285.105807 
1119 285.061340 
1120 285.016837 
1121 284.972297 
1122 284.927720 
1123 284.883106 
1124 284.838455 
1125 284.793768 
1126 284.749043 
1127 284.704281 
1128 284.659481 
1129 284.614645 
1130 284.569771 
1131 284.524859 
1132 284.479910 
1133 284.434923 
1134 284.389899 
1135 284.344836 
1136 284.299736 
1137 284.254598 
1138 284.209422 
1139 284.164208 
1140 284.118955 
1141 284.073665 
1142 284.028336 
1143 283.982968 
1144 283.937562 
1145 283.892118 
1146 283.846634 
1147 283.801112 
1148 283.755552 
1149 283.709952 
1150 283.664313 
1151 283.618635 
1152 283.572918 
1153 283.527162 
1154 283.481367 
1155 283.435532 
1156 283.389658 
1157 283.343744 
1158 283.297790 
1159 283.251797 
1160 283.205764 
1161 283.159691 
1162 283.113578 
1163 283.067424 
1164 283.021231 
1165 282.974998 
1166 282.928724 
1167 282.882410 
1168 282.836055 
1169 282.789660 
1170 282.743224 
1171 282.696747 
1172 282.650229 
1173 282.603671 
1174 282.557071 
1175 282.510431 
1176 282.463749 
1177 282.417026 
1178 282.370261 
1179 282.323455 
1180 282.276607 
1181 282.229718 
1182 282.182787 
1183 282.135815 
1184 282.088800 
1185 282.041743 
1186 281.994644 
1187 281.947503 
1188 281.900320 
1189 281.853094 
1190 281.805826 
1191 281.758516 
1192 281.711162 
1193 281.663766 
1194 281.616327 
1195 281.568845 
1196 281.521320 
1197 281.473752 
1198 281.426141 
1199 281.378486 
1200 281.330788 
1201 281.283046 
1202 281.235261 
1203 281.187432 
1204 281.139560 
1205 281.091643 
1206 281.043682 
1207 280.995678 
1208 280.947629 
1209 280.899535 
1210 280.851398 
1211 280.803216 
1212 280.754989 
1213 280.706717 
1214 280.658401 
1215 280.610040 
1216 280.561634 
1217 280.513182 
1218 280.464686 
1219 280.416144 
1220 280.367557 
1221 280.318924 
1222 280.270246 
1223 280.221522 
1224 280.172752 
1225 280.123936 
1226 280.075074 
1227 280.026166 
1228 279.977211 
1229 279.928211 
1230 279.879163 
1231 279.830070 
1232 279.780929 
1233 279.731742 
1234 279.682508 
1235 279.633227 
1236 279.583898 
1237 279.534523 
1238 279.485100 
1239 279.435629 
1240 279.386112 
1241 279.336546 
1242 279.286933 
1243 279.237271 
1244 279.187562 
1245 279.137805 
1246 279.087999 
1247 279.038145 
1248 278.988242 
1249 278.938291 
1250 278.888292 
1251 278.838243 
1252 278.788146 
1253 278.737999 
1254 278.687803 
1255 278.637558 
1256 278.587264 
1257 278.536920 
1258 278.486526 
1259 278.436083 
1260 278.385590 
1261 278.335047 
1262 278.284454 
1263 278.233810 
1264 278.183116 
1265 278.132372 
1266 278.081577 
1267 278.030731 
1268 277.979835 
1269 277.928887 
1270 277.877889 
1271 277.826839 
1272 277.775738 
1273 277.724585 
1274 277.673381 
1275 277.622125 
1276 277.570817 
1277 277.519457 
1278 277.468045 
1279 277.416581 
1280 277.365065 
1281 277.313496 
1282 277.261874 
1283 277.210200 
1284 277.158472 
1285 277.106692 
1286 277.054859 
1287 277.002972 
1288 276.951032 
1289 276.899038 
1290 276.846991 
1291 276.794889 
1292 276.742734 
1293 276.690525 
1294 276.638262 
1295 276.585944 
1296 276.533572 
1297 276.481145 
1298 276.428663 
1299 276.376126 
1300 276.323535 
1301 276.270888 
1302 276.218185 
1303 276.165428 
1304 276.112614 
1305 276.059745 
1306 276.006820 
1307 275.953839 
1308 275.900802 
1309 275.847708 
1310 275.794558 
1311 275.741352 
1312 275.688088 
1313 275.634768 
1314 275.581390 
1315 275.527956 
1316 275.474464 
1317 275.420914 
1318 275.367307 
1319 275.313642 
1320 275.259919 
1321 275.206137 
1322 275.152298 
1323 275.098400 
1324 275.044444 
1325 274.990429 
1326 274.936355 
1327 274.882221 
1328 274.828029 
1329 274.773777 
1330 274.719466 
1331 274.665095 
1332 274.610665 
1333 274.556174 
1334 274.501623 
1335 274.447012 
1336 274.392340 
1337 274.337608 
1338 274.282815 
1339 274.227961 
1340 274.173046 
1341 274.118069 
1342 274.063031 
1343 274.007932 
1344 273.952770 
1345 273.897547 
1346 273.842261 
1347 273.786913 
1348 273.731503 
1349 273.676030 
1350 273.620495 
1351 273.564896 
1352 273.509234 
1353 273.453509 
1354 273.397720 
1355 273.341867 
1356 273.285951 
1357 273.229971 
1358 273.173926 
1359 273.117817 
1360 273.061644 
1361 273.005406 
1362 272.949102 
1363 272.892734 
1364 272.836300 
1365 272.779801 
1366 272.723236 
1367 272.666606 
1368 272.609909 
1369 272.553146 
1370 272.496317 
1371 272.439421 
1372 272.382458 
1373 272.325428 
1374 272.268332 
1375 272.211167 
1376 272.153936 
1377 272.096636 
1378 272.039269 
1379 271.981833 
1380 271.924329 
1381 271.866757 
1382 271.809115 
1383 271.751405 
1384 271.693626 
1385 271.635777 
1386 271.577859 
1387 271.519872 
1388 271.461814 
1389 271.403686 
1390 271.345488 
1391 271.287219 
1392 271.228879 
1393 271.170469 
1394 271.111987 
1395 271.053434 
1396 270.994810 
1397 270.936113 
1398 270.877345 
1399 270.818504 
1400 270.759591 
1401 270.700605 
1402 270.641546 
1403 270.582415 
1404 270.523210 
1405 270.463931 
1406 270.404579 
1407 270.345152 
1408 270.285652 
1409 270.226077 
1410 270.166427 
1411 270.106703 
1412 270.046903 
1413 269.987028 
1414 269.927078 
1415 269.867052 
1416 269.806950 
1417 269.746771 
1418 269.686516 
1419 269.626184 
1420 269.565776 
1421 269.505290 
1422 269.444727 
1423 269.384086 
1424 269.323367 
1425 269.262570 
1426 269.201694 
1427 269.140740 
1428 269.079708 
1429 269.018596 
1430 268.957404 
1431 268.896133 
1432 268.834782 
1433 268.773351 
1434 268.711840 
1435 268.650248 
1436 268.588575 
1437 268.526821 
1438 268.464985 
1439 268.403068 
1440 268.341069 
1441 268.278988 
1442 268.216824 
1443 268.154577 
1444 268.092248 
1445 268.029835 
1446 267.967339 
1447 267.904759 
1448 267.842095 
1449 267.779347 
1450 267.716514 
1451 267.653596 
1452 267.590593 
1453 267.527505 
1454 267.464331 
1455 267.401071 
1456 267.337725 
1457 267.274292 
1458 267.210772 
1459 267.147165 
1460 267.083471 
1461 267.019689 
1462 266.955819 
1463 266.891861 
1464 266.827814 
1465 266.763679 
1466 266.699454 
1467 266.635139 
1468 266.570735 
1469 266.506241 
1470 266.441657 
1471 266.376981 
1472 266.312215 
1473 266.247358 
1474 266.182409 
1475 266.117368 
1476 266.052235 
1477 265.987009 
1478 265.921690 
1479 265.856278 
1480 265.790773 
1481 265.725174 
1482 265.659481 
1483 265.593693 
1484 265.527810 
1485 265.461833 
1486 265.395760 
1487 265.329591 
1488 265.263326 
1489 265.196964 
1490 265.130506 
1491 265.063951 
1492 264.997298 
1493 264.930547 
1494 264.863698 
1495 264.796751 
1496 264.729704 
1497 264.662559 
1498 264.595314 
1499 264.527969 
1500 264.460524 
1501 264.392978 
1502 264.325331 
1503 264.257583 
1504 264.189733 
1505 264.121781 
1506 264.053727 
1507 263.985569 
1508 263.917309 
1509 263.848945 
1510 263.780477 
1511 263.711904 
1512 263.643227 
1513 263.574445 
1514 263.505557 
1515 263.436564 
1516 263.367464 
1517 263.298257 
1518 263.228944 
1519 263.159523 
1520 263.089994 
1521 263.020357 
1522 262.950611 
1523 262.880756 
1524 262.810791 
1525 262.740717 
1526 262.670533 
1527 262.600237 
1528 262.529831 
1529 262.459313 
1530 262.388683 
1531 262.317940 
1532 262.247085 
1533 262.176117 
1534 262.105034 
1535 262.033838 
1536 261.962527 
1537 261.891101 
1538 261.819560 
1539 261.747902 
1540 261.676128 
1541 261.604238 
1542 261.532230 
1543 261.460104 
1544 261.387860 
1545 261.315498 
1546 261.243016 
1547 261.170415 
1548 261.097694 
1549 261.024852 
1550 260.951889 
1551 260.878804 
1552 260.805598 
1553 260.732269 
1554 260.658817 
1555 260.585242 
1556 260.511542 
1557 260.437719 
1558 260.363770 
1559 260.289696 
1560 260.215495 
1561 260.141169 
1562 260.066715 
1563 259.992133 
1564 259.917424 
1565 259.842586 
1566 259.767619 
1567 259.692522 
1568 259.617295 
1569 259.541937 
1570 259.466448 
1571 259.390828 
1572 259.315075 
1573 259.239188 
1574 259.163169 
1575 259.087015 
1576 259.010727 
1577 258.934304 
1578 258.857744 
1579 258.781049 
1580 258.704216 
1581 258.627246 
1582 258.550138 
1583 258.472892 
1584 258.395506 
1585 258.317980 
1586 258.240314 
1587 258.162506 
1588 258.084557 
1589 258.006465 
1590 257.928231 
1591 257.849853 
1592 257.771331 
1593 257.692664 
1594 257.613851 
1595 257.534893 
1596 257.455788 
1597 257.376535 
1598 257.297134 
1599 257.217584 
1600 257.137885 
1601 257.058036 
1602 256.978037 
1603 256.897886 
1604 256.817582 
1605 256.737126 
1606 256.656517 
1607 256.575753 
1608 256.494834 
1609 256.413760 
1610 256.332530 
1611 256.251142 
1612 256.169597 
1613 256.087893 
1614 256.006030 
1615 255.924007 
1616 255.841823 
1617 255.759478 
1618 255.676970 
1619 255.594300 
1620 255.511466 
1621 255.428467 
1622 255.345303 
1623 255.261973 
1624 255.178476 
1625 255.094812 
1626 255.010979 
1627 254.926976 
1628 254.842804 
1629 254.758460 
1630 254.673945 
1631 254.589258 
1632 254.504396 
1633 254.419361 
1634 254.334150 
1635 254.248764 
1636 254.163201 
1637 254.077459 
1638 253.991540 
1639 253.905441 
1640 253.819161 
1641 253.732700 
1642 253.646057 
1643 253.559231 
1644 253.472221 
1645 253.385026 
1646 253.297645 
1647 253.210077 
1648 253.122321 
1649 253.034377 
1650 252.946242 
1651 252.857918 
1652 252.769401 
1653 252.680692 
1654 252.591789 
1655 252.502692 
1656 252.413399 
1657 252.323909 
1658 252.234221 
1659 252.144335 
1660 252.054249 
1661 251.963962 
1662 251.873473 
1663 251.782781 
1664 251.691885 
1665 251.600784 
1666 251.509476 
1667 251.417961 
1668 251.326238 
1669 251.234305 
1670 251.142161 
1671 251.049805 
1672 250.957236 
1673 250.864453 
1674 250.771454 
1675 250.678239 
1676 250.584806 
1677 250.491154 
1678 250.397282 
1679 250.303188 
1680 250.208871 
1681 250.114330 
1682 250.019565 
1683 249.924572 
1684 249.829352 
1685 249.733903 
1686 249.638223 
1687 249.542312 
1688 249.446167 
1689 249.349788 
1690 249.253173 
1691 249.156322 
1692 249.059231 
1693 248.961901 
1694 248.864329 
1695 248.766515 
1696 248.668457 
1697 248.570152 
1698 248.471601 
1699 248.372802 
1700 248.273752 
1701 248.174450 
1702 248.074896 
1703 247.975087 
1704 247.875022 
1705 247.774699 
1706 247.674117 
1707 247.573274 
1708 247.472169 
1709 247.370800 
1710 247.269165 
1711 247.167262 
1712 247.065091 
1713 246.962649 
1714 246.859934 
1715 246.756946 
1716 246.653681 
1717 246.550139 
1718 246.446317 
1719 246.342215 
1720 246.237829 
1721 246.133159 
1722 246.028202 
1723 245.922957 
1724 245.817421 
1725 245.711593 
1726 245.605471 
1727 245.499052 
1728 245.392336 
1729 245.285320 
1730 245.178001 
1731 245.070379 
1732 244.962450 
1733 244.854214 
1734 244.745667 
1735 244.636808 
1736 244.527634 
1737 244.418144 
1738 244.308335 
1739 244.198205 
1740 244.087752 
1741 243.976974 
1742 243.865868 
1743 243.754431 
1744 243.642663 
1745 243.530560 
1746 243.418120 
1747 243.305341 
1748 243.192219 
1749 243.078754 
1750 242.964942 
1751 242.850780 
1752 242.736267 
1753 242.621399 
1754 242.506175 
1755 242.390591 
1756 242.274645 
1757 242.158334 
1758 242.041655 
1759 241.924606 
1760 241.807184 
1761 241.689387 
1762 241.571210 
1763 241.452652 
1764 241.333709 
1765 241.214379 
1766 241.094658 
1767 240.974544 
1768 240.854034 
1769 240.733124 
1770 240.611811 
1771 240.490093 
1772 240.367965 
1773 240.245425 
1774 240.122469 
1775 239.999095 
1776 239.875298 
1777 239.751076 
1778 239.626424 
1779 239.501340 
1780 239.375820 
1781 239.249860 
1782 239.123456 
1783 238.996606 
1784 238.869305 
1785 238.741549 
1786 238.613335 
1787 238.484658 
1788 238.355516 
1789 238.225903 
1790 238.095817 
1791 237.965252 
1792 237.834204 
1793 237.702671 
1794 237.570646 
1795 237.438126 
1796 237.305107 
1797 237.171583 
1798 237.037552 
1799 236.903007 
1800 236.767945 
1801 236.632360 
1802 236.496249 
1803 236.359606 
1804 236.222426 
1805 236.084704 
1806 235.946436 
1807 235.807616 
1808 235.668239 
1809 235.528299 
1810 235.387792 
1811 235.246713 
1812 235.105054 
1813 234.962812 
1814 234.819980 
1815 234.676553 
1816 234.532524 
1817 234.387889 
1818 234.242640 
1819 234.096772 
1820 233.950279 
1821 233.803153 
1822 233.655390 
1823 233.506982 
1824 233.357923 
1825 233.208206 
1826 233.057824 
1827 232.906770 
1828 232.755038 
1829 232.602620 
1830 232.449509 
1831 232.295697 
1832 232.141177 
1833 231.985942 
1834 231.829983 
1835 231.673293 
1836 231.515864 
1837 231.357686 
1838 231.198754 
1839 231.039056 
1840 230.878586 
1841 230.717334 
1842 230.555292 
1843 230.392450 
1844 230.228799 
1845 230.064330 
1846 229.899032 
1847 229.732897 
1848 229.565915 
1849 229.398075 
1850 229.229366 
1851 229.059780 
1852 228.889304 
1853 228.717927 
1854 228.545640 
1855 228.372430 
1856 228.198286 
1857 228.023196 
1858 227.847148 
1859 227.670129 
1860 227.492129 
1861 227.313132 
1862 227.133127 
1863 226.952101 
1864 226.770039 
1865 226.586928 
1866 226.402754 
1867 226.217502 
1868 226.031158 
1869 225.843706 
1870 225.655132 
1871 225.465419 
1872 225.274551 
1873 225.082513 
1874 224.889286 
1875 224.694855 
1876 224.499202 
1877 224.302308 
1878 224.104155 
1879 223.904725 
1880 223.703999 
1881 223.501955 
1882 223.298576 
1883 223.093839 
1884 222.887724 
1885 222.680210 
1886 222.471273 
1887 222.260892 
1888 222.049042 
1889 221.835701 
1890 221.620843 
1891 221.404444 
1892 221.186477 
1893 220.966917 
1894 220.745736 
1895 220.522906 
1896 220.298399 
1897 220.072185 
1898 219.844234 
1899 219.614515 
1900 219.382996 
1901 219.149644 
1902 218.914426 
1903 218.677306 
1904 218.438249 
1905 218.197218 
1906 217.954176 
1907 217.709082 
1908 217.461897 
1909 217.212580 
1910 216.961087 
1911 216.707374 
1912 216.451396 
1913 216.193106 
1914 215.932455 
1915 215.669393 
1916 215.403868 
1917 215.135827 
1918 214.865214 
1919 214.591971 
1920 214.316040 
1921 214.037358 
1922 213.755863 
1923 213.471488 
1924 213.184164 
1925 212.893821 
1926 212.600385 
1927 212.303780 
1928 212.003925 
1929 211.700738 
1930 211.394134 
1931 211.084022 
1932 210.770309 
1933 210.452899 
1934 210.131690 
1935 209.806576 
1936 209.477448 
1937 209.144190 
1938 208.806682 
1939 208.464798 
1940 208.118406 
1941 207.767368 
1942 207.411540 
1943 207.050769 
1944 206.684897 
1945 206.313755 
1946 205.937168 
1947 205.554950 
1948 205.166906 
1949 204.772828 
1950 204.372499 
1951 203.965690 
1952 203.552155 
1953 203.131638 
1954 202.703863 
1955 202.268540 
1956 201.825359 
1957 201.373990 
1958 200.914083 
1959 200.445260 
1960 199.967120 
1961 199.479233 
1962 198.981135 
1963 198.472330 
1964 197.952281 
1965 197.420410 
1966 196.876090 
1967 196.318642 
1968 195.747328 
1969 195.161342 
1970 194.559805 
1971 193.941752 
1972 193.306123 
1973 192.651749 
1974 191.977336 
1975 191.281444 
1976 190.562469 
1977 189.818612 
1978 189.047847 
1979 188.247883 
1980 187.416110 
1981 186.549537 
1982 185.644718 
1983 184.697645 
1984 183.703624 
1985 182.657097 
1986 181.551423 
1987 180.378562 
1988 179.128649 
1989 177.789382 
1990 176.345133 
1991 174.775602 
1992 173.053700 
1993 171.142074 
1994 168.987021 
1995 166.507028 
1996 163.568886 
1997 159.930275 
1998 155.067920 
1999 147.405278 
2000 69.992233 
