0 -1.176471 
1 -1.117647 
2 -1.058824 
3 -1.000000 
4 -0.941176 
5 -0.882353 
6 -0.823529 
7 -0.764706 
8 -0.705882 
9 -0.647059 
10 -0.588235 
11 -0.529412 
12 -0.470588 
13 -0.411765 
14 -0.352941 
15 -0.294118 
16 -0.235294 
17 -0.176471 
18 -0.117647 
19 -0.058824 
20 0.000000 
21 0.058824 
22 0.117647 
23 0.176471 
24 0.235294 
25 0.294118 
26 0.352941 
27 0.411765 
28 0.470588 
29 0.529412 
30 0.588235 
31 0.647059 
32 0.705882 
33 0.764706 
34 0.823529 
35 0.882353 
36 0.941176 
37 1.000000 
38 1.058824 
39 1.117647 
40 1.176471 
41 1.235294 
42 1.294118 
43 1.352941 
44 1.411765 
45 1.470588 
46 1.529412 
47 1.588235 
48 1.647059 
49 1.705882 
50 1.764706 
51 1.823529 
52 1.882353 
53 1.941176 
54 2.000000 
55 2.058824 
56 2.117647 
57 2.176471 
58 2.235294 
59 2.294118 
60 2.352941 
61 2.411765 
62 2.470588 
63 2.529412 
64 2.588235 
65 2.647059 
66 2.705882 
67 2.764706 
68 2.823529 
69 2.882353 
70 2.941176 
71 3.000000 
72 3.058824 
73 3.117647 
74 3.176471 
75 3.235294 
76 3.294118 
77 3.352941 
78 3.411765 
79 3.470588 
80 3.529412 
81 3.588235 
82 3.647059 
83 3.705882 
84 3.764706 
85 3.823529 
86 3.882353 
87 3.941176 
88 4.000000 
89 4.058824 
90 4.117647 
91 4.176471 
92 4.235294 
93 4.294118 
94 4.352941 
95 4.411765 
96 4.470588 
97 4.529412 
98 4.588235 
99 4.647059 
100 4.705882 
101 4.764706 
102 4.823529 
103 4.882353 
104 4.941176 
105 5.000000 
106 5.058824 
107 5.117647 
108 5.176471 
109 5.235294 
110 5.294118 
111 5.352941 
112 5.411765 
113 5.470588 
114 5.529412 
115 5.588235 
116 5.647059 
117 5.705882 
118 5.764706 
119 5.823529 
120 5.882353 
121 5.941176 
122 6.000000 
123 6.058824 
124 6.117647 
125 6.176471 
126 6.235294 
127 6.294118 
128 6.352941 
129 6.411765 
130 6.470588 
131 6.529412 
132 6.588235 
133 6.647059 
134 6.705882 
135 6.764706 
136 6.823529 
137 6.882353 
138 6.941176 
139 7.000000 
140 7.058824 
141 7.117647 
142 7.176471 
143 7.235294 
144 7.294118 
145 7.352941 
146 7.411765 
147 7.470588 
148 7.529412 
149 7.588235 
150 7.647059 
151 7.705882 
152 7.764706 
153 7.823529 
154 7.882353 
155 7.941176 
156 8.000000 
157 8.058824 
158 8.117647 
159 8.176471 
160 8.235294 
161 8.294118 
162 8.352941 
163 8.411765 
164 8.470588 
165 8.529412 
166 8.588235 
167 8.647059 
168 8.705882 
169 8.764706 
170 8.823529 
171 8.882353 
172 8.941176 
173 9.000000 
174 9.058824 
175 9.117647 
176 9.176471 
177 9.235294 
178 9.294118 
179 9.352941 
180 9.411765 
181 9.470588 
182 9.529412 
183 9.588235 
184 9.647059 
185 9.705882 
186 9.764706 
187 9.823529 
188 9.882353 
189 9.941176 
190 10.000000 
191 10.058824 
192 10.117647 
193 10.176471 
194 10.235294 
195 10.294118 
196 10.352941 
197 10.411765 
198 10.470588 
199 10.529412 
200 10.588235 
201 10.647059 
202 10.705882 
203 10.764706 
204 10.823529 
205 10.882353 
206 10.941176 
207 11.000000 
208 11.058824 
209 11.117647 
210 11.176471 
211 11.235294 
212 11.294118 
213 11.352941 
214 11.411765 
215 11.470588 
216 11.529412 
217 11.588235 
218 11.647059 
219 11.705882 
220 11.764706 
221 11.823529 
222 11.882353 
223 11.941176 
224 12.000000 
225 12.058824 
226 12.117647 
227 12.176471 
228 12.235294 
229 12.294118 
230 12.352941 
231 12.411765 
232 12.470588 
233 12.529412 
234 12.588235 
235 12.647059 
236 12.705882 
237 12.764706 
238 12.823529 
239 12.882353 
240 12.941176 
241 13.000000 
242 13.058824 
243 13.117647 
244 13.176471 
245 13.235294 
246 13.294118 
247 13.352941 
248 13.411765 
249 13.470588 
250 13.529412 
251 13.588235 
252 13.647059 
253 13.705882 
254 13.764706 
255 13.823529 
256 13.882353 
257 13.941176 
258 14.000000 
259 14.058824 
260 14.117647 
261 14.176471 
262 14.235294 
263 14.294118 
264 14.352941 
265 14.411765 
266 14.470588 
267 14.529412 
268 14.588235 
269 14.647059 
270 14.705882 
271 14.764706 
272 14.823529 
273 14.882353 
274 14.941176 
275 15.000000 
276 15.058824 
277 15.117647 
278 15.176471 
279 15.235294 
280 15.294118 
281 15.352941 
282 15.411765 
283 15.470588 
284 15.529412 
285 15.588235 
286 15.647059 
287 15.705882 
288 15.764706 
289 15.823529 
290 15.882353 
291 15.941176 
292 16.000000 
293 16.058824 
294 16.117647 
295 16.176471 
296 16.235294 
297 16.294118 
298 16.352941 
299 16.411765 
300 16.470588 
301 16.529412 
302 16.588235 
303 16.647059 
304 16.705882 
305 16.764706 
306 16.823529 
307 16.882353 
308 16.941176 
309 17.000000 
310 17.058824 
311 17.117647 
312 17.176471 
313 17.235294 
314 17.294118 
315 17.352941 
316 17.411765 
317 17.470588 
318 17.529412 
319 17.588235 
320 17.647059 
321 17.705882 
322 17.764706 
323 17.823529 
324 17.882353 
325 17.941176 
326 18.000000 
327 18.058824 
328 18.117647 
329 18.176471 
330 18.235294 
331 18.294118 
332 18.352941 
333 18.411765 
334 18.470588 
335 18.529412 
336 18.588235 
337 18.647059 
338 18.705882 
339 18.764706 
340 18.823529 
341 18.882353 
342 18.941176 
343 19.000000 
344 19.058824 
345 19.117647 
346 19.176471 
347 19.235294 
348 19.294118 
349 19.352941 
350 19.411765 
351 19.470588 
352 19.529412 
353 19.588235 
354 19.647059 
355 19.705882 
356 19.764706 
357 19.823529 
358 19.882353 
359 19.941176 
360 20.000000 
361 20.058824 
362 20.117647 
363 20.176471 
364 20.235294 
365 20.294118 
366 20.352941 
367 20.411765 
368 20.470588 
369 20.529412 
370 20.588235 
371 20.647059 
372 20.705882 
373 20.764706 
374 20.823529 
375 20.882353 
376 20.941176 
377 21.000000 
378 21.058824 
379 21.117647 
380 21.176471 
381 21.235294 
382 21.294118 
383 21.352941 
384 21.411765 
385 21.470588 
386 21.529412 
387 21.588235 
388 21.647059 
389 21.705882 
390 21.764706 
391 21.823529 
392 21.882353 
393 21.941176 
394 22.000000 
395 22.058824 
396 22.117647 
397 22.176471 
398 22.235294 
399 22.294118 
400 22.352941 
401 22.411765 
402 22.470588 
403 22.529412 
404 22.588235 
405 22.647059 
406 22.705882 
407 22.764706 
408 22.823529 
409 22.882353 
410 22.941177 
411 23.000000 
412 23.058824 
413 23.117647 
414 23.176471 
415 23.235294 
416 23.294118 
417 23.352941 
418 23.411765 
419 23.470588 
420 23.529412 
421 23.588235 
422 23.647059 
423 23.705882 
424 23.764706 
425 23.823529 
426 23.882353 
427 23.941177 
428 24.000000 
429 24.058824 
430 24.117647 
431 24.176471 
432 24.235294 
433 24.294118 
434 24.352941 
435 24.411765 
436 24.470588 
437 24.529412 
438 24.588235 
439 24.647059 
440 24.705882 
441 24.764706 
442 24.823529 
443 24.882353 
444 24.941177 
445 25.000000 
446 25.058824 
447 25.117647 
448 25.176471 
449 25.235294 
450 25.294118 
451 25.352941 
452 25.411765 
453 25.470588 
454 25.529412 
455 25.588235 
456 25.647059 
457 25.705882 
458 25.764706 
459 25.823529 
460 25.882353 
461 25.941177 
462 26.000000 
463 26.058824 
464 26.117647 
465 26.176471 
466 26.235294 
467 26.294118 
468 26.352941 
469 26.411765 
470 26.470588 
471 26.529412 
472 26.588235 
473 26.647059 
474 26.705882 
475 26.764706 
476 26.823529 
477 26.882353 
478 26.941177 
479 27.000000 
480 27.058824 
481 27.117647 
482 27.176471 
483 27.235294 
484 27.294118 
485 27.352941 
486 27.411765 
487 27.470588 
488 27.529412 
489 27.588235 
490 27.647059 
491 27.705882 
492 27.764706 
493 27.823529 
494 27.882353 
495 27.941177 
496 28.000000 
497 28.058824 
498 28.117647 
499 28.176471 
500 28.235294 
501 28.294118 
502 28.352941 
503 28.411765 
504 28.470588 
505 28.529412 
506 28.588235 
507 28.647059 
508 28.705882 
509 28.764706 
510 28.823529 
511 28.882353 
512 28.941177 
513 29.000000 
514 29.058824 
515 29.117647 
516 29.176471 
517 29.235294 
518 29.294118 
519 29.352941 
520 29.411765 
521 29.470588 
522 29.529412 
523 29.588235 
524 29.647059 
525 29.705882 
526 29.764706 
527 29.823529 
528 29.882353 
529 29.941177 
530 30.000000 
531 30.058824 
532 30.117647 
533 30.176471 
534 30.235294 
535 30.294118 
536 30.352941 
537 30.411765 
538 30.470588 
539 30.529412 
540 30.588235 
541 30.647059 
542 30.705882 
543 30.764706 
544 30.823529 
545 30.882353 
546 30.941177 
547 31.000000 
548 31.058824 
549 31.117647 
550 31.176471 
551 31.235294 
552 31.294118 
553 31.352941 
554 31.411765 
555 31.470588 
556 31.529412 
557 31.588235 
558 31.647059 
559 31.705882 
560 31.764706 
561 31.823529 
562 31.882353 
563 31.941177 
564 32.000000 
565 32.058824 
566 32.117647 
567 32.176471 
568 32.235294 
569 32.294118 
570 32.352941 
571 32.411765 
572 32.470588 
573 32.529412 
574 32.588235 
575 32.647059 
576 32.705882 
577 32.764706 
578 32.823529 
579 32.882353 
580 32.941177 
581 33.000000 
582 33.058824 
583 33.117647 
584 33.176471 
585 33.235294 
586 33.294118 
587 33.352941 
588 33.411765 
589 33.470588 
590 33.529412 
591 33.588235 
592 33.647059 
593 33.705882 
594 33.764706 
595 33.823529 
596 33.882353 
597 33.941177 
598 34.000000 
599 34.058824 
600 34.117647 
601 34.176471 
602 34.235294 
603 34.294118 
604 34.352941 
605 34.411765 
606 34.470588 
607 34.529412 
608 34.588235 
609 34.647059 
610 34.705882 
611 34.764706 
612 34.823529 
613 34.882353 
614 34.941177 
615 35.000000 
616 35.058824 
617 35.117647 
618 35.176471 
619 35.235294 
620 35.294118 
621 35.352941 
622 35.411765 
623 35.470588 
624 35.529412 
625 35.588235 
626 35.647059 
627 35.705882 
628 35.764706 
629 35.823529 
630 35.882353 
631 35.941177 
632 36.000000 
633 36.058824 
634 36.117647 
635 36.176471 
636 36.235294 
637 36.294118 
638 36.352941 
639 36.411765 
640 36.470588 
641 36.529412 
642 36.588235 
643 36.647059 
644 36.705882 
645 36.764706 
646 36.823529 
647 36.882353 
648 36.941177 
649 37.000000 
650 37.058824 
651 37.117647 
652 37.176471 
653 37.235294 
654 37.294118 
655 37.352941 
656 37.411765 
657 37.470588 
658 37.529412 
659 37.588235 
660 37.647059 
661 37.705882 
662 37.764706 
663 37.823529 
664 37.882353 
665 37.941177 
666 38.000000 
667 38.058824 
668 38.117647 
669 38.176471 
670 38.235294 
671 38.294118 
672 38.352941 
673 38.411765 
674 38.470588 
675 38.529412 
676 38.588235 
677 38.647059 
678 38.705882 
679 38.764706 
680 38.823529 
681 38.882353 
682 38.941177 
683 39.000000 
684 39.058824 
685 39.117647 
686 39.176471 
687 39.235294 
688 39.294118 
689 39.352941 
690 39.411765 
691 39.470588 
692 39.529412 
693 39.588235 
694 39.647059 
695 39.705882 
696 39.764706 
697 39.823529 
698 39.882353 
699 39.941177 
700 40.000000 
701 40.058824 
702 40.117647 
703 40.176471 
704 40.235294 
705 40.294118 
706 40.352941 
707 40.411765 
708 40.470588 
709 40.529412 
710 40.588235 
711 40.647059 
712 40.705882 
713 40.764706 
714 40.823529 
715 40.882353 
716 40.941177 
717 41.000000 
718 41.058824 
719 41.117647 
720 41.176471 
721 41.235294 
722 41.294118 
723 41.352941 
724 41.411765 
725 41.470588 
726 41.529412 
727 41.588235 
728 41.647059 
729 41.705882 
730 41.764706 
731 41.823529 
732 41.882353 
733 41.941177 
734 42.000000 
735 42.058824 
736 42.117647 
737 42.176471 
738 42.235294 
739 42.294118 
740 42.352941 
741 42.411765 
742 42.470588 
743 42.529412 
744 42.588235 
745 42.647059 
746 42.705882 
747 42.764706 
748 42.823529 
749 42.882353 
750 42.941177 
751 43.000000 
752 43.058824 
753 43.117647 
754 43.176471 
755 43.235294 
756 43.294118 
757 43.352941 
758 43.411765 
759 43.470588 
760 43.529412 
761 43.588235 
762 43.647059 
763 43.705882 
764 43.764706 
765 43.823529 
766 43.882353 
767 43.941177 
768 44.000000 
769 44.058824 
770 44.117647 
771 44.176471 
772 44.235294 
773 44.294118 
774 44.352941 
775 44.411765 
776 44.470588 
777 44.529412 
778 44.588235 
779 44.647059 
780 44.705882 
781 44.764706 
782 44.823529 
783 44.882353 
784 44.941177 
785 45.000000 
786 45.058824 
787 45.117647 
788 45.176471 
789 45.235294 
790 45.294118 
791 45.352941 
792 45.411765 
793 45.470588 
794 45.529412 
795 45.588235 
796 45.647059 
797 45.705882 
798 45.764706 
799 45.823529 
800 45.882353 
801 45.941177 
802 46.000000 
803 46.058824 
804 46.117647 
805 46.176471 
806 46.235294 
807 46.294118 
808 46.352941 
809 46.411765 
810 46.470588 
811 46.529412 
812 46.588235 
813 46.647059 
814 46.705882 
815 46.764706 
816 46.823529 
817 46.882353 
818 46.941177 
819 47.000000 
820 47.058824 
821 47.117647 
822 47.176471 
823 47.235294 
824 47.294118 
825 47.352941 
826 47.411765 
827 47.470588 
828 47.529412 
829 47.588235 
830 47.647059 
831 47.705882 
832 47.764706 
833 47.823529 
834 47.882353 
835 47.941177 
836 48.000000 
837 48.058824 
838 48.117647 
839 48.176471 
840 48.235294 
841 48.294118 
842 48.352941 
843 48.411765 
844 48.470588 
845 48.529412 
846 48.588235 
847 48.647059 
848 48.705882 
849 48.764706 
850 48.823529 
851 48.882353 
852 48.941177 
853 49.000000 
854 49.058824 
855 49.117647 
856 49.176471 
857 49.235294 
858 49.294118 
859 49.352941 
860 49.411765 
861 49.470588 
862 49.529412 
863 49.588235 
864 49.647059 
865 49.705882 
866 49.764706 
867 49.823529 
868 49.882353 
869 49.941177 
870 50.000000 
871 50.058824 
872 50.117647 
873 50.176471 
874 50.235294 
875 50.294118 
876 50.352941 
877 50.411765 
878 50.470588 
879 50.529412 
880 50.588235 
881 50.647059 
882 50.705882 
883 50.764706 
884 50.823529 
885 50.882353 
886 50.941177 
887 51.000000 
888 51.058824 
889 51.117647 
890 51.176471 
891 51.235294 
892 51.294118 
893 51.352941 
894 51.411765 
895 51.470588 
896 51.529412 
897 51.588235 
898 51.647059 
899 51.705882 
900 51.764706 
901 51.823529 
902 51.882353 
903 51.941177 
904 52.000000 
905 52.058824 
906 52.117647 
907 52.176471 
908 52.235294 
909 52.294118 
910 52.352941 
911 52.411765 
912 52.470588 
913 52.529412 
914 52.588235 
915 52.647059 
916 52.705882 
917 52.764706 
918 52.823529 
919 52.882353 
920 52.941177 
921 53.000000 
922 53.058824 
923 53.117647 
924 53.176471 
925 53.235294 
926 53.294118 
927 53.352941 
928 53.411765 
929 53.470588 
930 53.529412 
931 53.588235 
932 53.647059 
933 53.705882 
934 53.764706 
935 53.823529 
936 53.882353 
937 53.941177 
938 54.000000 
939 54.058824 
940 54.117647 
941 54.176471 
942 54.235294 
943 54.294118 
944 54.352941 
945 54.411765 
946 54.470588 
947 54.529412 
948 54.588235 
949 54.647059 
950 54.705882 
951 54.764706 
952 54.823529 
953 54.882353 
954 54.941177 
955 55.000000 
956 55.058824 
957 55.117647 
958 55.176471 
959 55.235294 
960 55.294118 
961 55.352941 
962 55.411765 
963 55.470588 
964 55.529412 
965 55.588235 
966 55.647059 
967 55.705882 
968 55.764706 
969 55.823529 
970 55.882353 
971 55.941177 
972 56.000000 
973 56.058824 
974 56.117647 
975 56.176471 
976 56.235294 
977 56.294118 
978 56.352941 
979 56.411765 
980 56.470588 
981 56.529412 
982 56.588235 
983 56.647059 
984 56.705882 
985 56.764706 
986 56.823529 
987 56.882353 
988 56.941177 
989 57.000000 
990 57.058824 
991 57.117647 
992 57.176471 
993 57.235294 
994 57.294118 
995 57.352941 
996 57.411765 
997 57.470588 
998 57.529412 
999 57.588235 
1000 57.647059 
1001 57.705882 
1002 57.764706 
1003 57.823529 
1004 57.882353 
1005 57.941177 
1006 58.000000 
1007 58.058824 
1008 58.117647 
1009 58.176471 
1010 58.235294 
1011 58.294118 
1012 58.352941 
1013 58.411765 
1014 58.470588 
1015 58.529412 
1016 58.588235 
1017 58.647059 
1018 58.705882 
1019 58.764706 
1020 58.823529 
1021 58.882353 
1022 58.941177 
1023 59.000000 
1024 59.058824 
1025 59.117647 
1026 59.176471 
1027 59.235294 
1028 59.294118 
1029 59.352941 
1030 59.411765 
1031 59.470588 
1032 59.529412 
1033 59.588235 
1034 59.647059 
1035 59.705882 
1036 59.764706 
1037 59.823529 
1038 59.882353 
1039 59.941177 
1040 60.000000 
1041 60.058824 
1042 60.117647 
1043 60.176471 
1044 60.235294 
1045 60.294118 
1046 60.352941 
1047 60.411765 
1048 60.470588 
1049 60.529412 
1050 60.588235 
1051 60.647059 
1052 60.705882 
1053 60.764706 
1054 60.823529 
1055 60.882353 
1056 60.941177 
1057 61.000000 
1058 61.058824 
1059 61.117647 
1060 61.176471 
1061 61.235294 
1062 61.294118 
1063 61.352941 
1064 61.411765 
1065 61.470588 
1066 61.529412 
1067 61.588235 
1068 61.647059 
1069 61.705882 
1070 61.764706 
1071 61.823529 
1072 61.882353 
1073 61.941177 
1074 62.000000 
1075 62.058824 
1076 62.117647 
1077 62.176471 
1078 62.235294 
1079 62.294118 
1080 62.352941 
1081 62.411765 
1082 62.470588 
1083 62.529412 
1084 62.588235 
1085 62.647059 
1086 62.705882 
1087 62.764706 
1088 62.823529 
1089 62.882353 
1090 62.941177 
1091 63.000000 
1092 63.058824 
1093 63.117647 
1094 63.176471 
1095 63.235294 
1096 63.294118 
1097 63.352941 
1098 63.411765 
1099 63.470588 
1100 63.529412 
1101 63.588235 
1102 63.647059 
1103 63.705882 
1104 63.764706 
1105 63.823529 
1106 63.882353 
1107 63.941177 
1108 64.000000 
1109 64.058824 
1110 64.117647 
1111 64.176471 
1112 64.235294 
1113 64.294118 
1114 64.352941 
1115 64.411765 
1116 64.470588 
1117 64.529412 
1118 64.588235 
1119 64.647059 
1120 64.705882 
1121 64.764706 
1122 64.823529 
1123 64.882353 
1124 64.941177 
1125 65.000000 
1126 65.058824 
1127 65.117647 
1128 65.176471 
1129 65.235294 
1130 65.294118 
1131 65.352941 
1132 65.411765 
1133 65.470588 
1134 65.529412 
1135 65.588235 
1136 65.647059 
1137 65.705882 
1138 65.764706 
1139 65.823529 
1140 65.882353 
1141 65.941177 
1142 66.000000 
1143 66.058824 
1144 66.117647 
1145 66.176471 
1146 66.235294 
1147 66.294118 
1148 66.352941 
1149 66.411765 
1150 66.470588 
1151 66.529412 
1152 66.588235 
1153 66.647059 
1154 66.705882 
1155 66.764706 
1156 66.823530 
1157 66.882353 
1158 66.941177 
1159 67.000000 
1160 67.058824 
1161 67.117647 
1162 67.176471 
1163 67.235294 
1164 67.294118 
1165 67.352941 
1166 67.411765 
1167 67.470588 
1168 67.529412 
1169 67.588235 
1170 67.647059 
1171 67.705882 
1172 67.764706 
1173 67.823530 
1174 67.882353 
1175 67.941177 
1176 68.000000 
1177 68.058824 
1178 68.117647 
1179 68.176471 
1180 68.235294 
1181 68.294118 
1182 68.352941 
1183 68.411765 
1184 68.470588 
1185 68.529412 
1186 68.588235 
1187 68.647059 
1188 68.705882 
1189 68.764706 
1190 68.823530 
1191 68.882353 
1192 68.941177 
1193 69.000000 
1194 69.058824 
1195 69.117647 
1196 69.176471 
1197 69.235294 
1198 69.294118 
1199 69.352941 
1200 69.411765 
1201 69.470588 
1202 69.529412 
1203 69.588235 
1204 69.647059 
1205 69.705882 
1206 69.764706 
1207 69.823530 
1208 69.882353 
1209 69.941177 
1210 70.000000 
1211 70.058824 
1212 70.117647 
1213 70.176471 
1214 70.235294 
1215 70.294118 
1216 70.352941 
1217 70.411765 
1218 70.470588 
1219 70.529412 
1220 70.588235 
1221 70.647059 
1222 70.705882 
1223 70.764706 
1224 70.823530 
1225 70.882353 
1226 70.941177 
1227 71.000000 
1228 71.058824 
1229 71.117647 
1230 71.176471 
1231 71.235294 
1232 71.294118 
1233 71.352941 
1234 71.411765 
1235 71.470588 
1236 71.529412 
1237 71.588235 
1238 71.647059 
1239 71.705882 
1240 71.764706 
1241 71.823530 
1242 71.882353 
1243 71.941177 
1244 72.000000 
1245 72.058824 
1246 72.117647 
1247 72.176471 
1248 72.235294 
1249 72.294118 
1250 72.352941 
1251 72.411765 
1252 72.470588 
1253 72.529412 
1254 72.588235 
1255 72.647059 
1256 72.705882 
1257 72.764706 
1258 72.823530 
1259 72.882353 
1260 72.941177 
1261 73.000000 
1262 73.058824 
1263 73.117647 
1264 73.176471 
1265 73.235294 
1266 73.294118 
1267 73.352941 
1268 73.411765 
1269 73.470588 
1270 73.529412 
1271 73.588235 
1272 73.647059 
1273 73.705882 
1274 73.764706 
1275 73.823530 
1276 73.882353 
1277 73.941177 
1278 74.000000 
1279 74.058824 
1280 74.117647 
1281 74.176471 
1282 74.235294 
1283 74.294118 
1284 74.352941 
1285 74.411765 
1286 74.470588 
1287 74.529412 
1288 74.588235 
1289 74.647059 
1290 74.705882 
1291 74.764706 
1292 74.823530 
1293 74.882353 
1294 74.941177 
1295 75.000000 
1296 75.058824 
1297 75.117647 
1298 75.176471 
1299 75.235294 
1300 75.294118 
1301 75.352941 
1302 75.411765 
1303 75.470588 
1304 75.529412 
1305 75.588235 
1306 75.647059 
1307 75.705882 
1308 75.764706 
1309 75.823530 
1310 75.882353 
1311 75.941177 
1312 76.000000 
1313 76.058824 
1314 76.117647 
1315 76.176471 
1316 76.235294 
1317 76.294118 
1318 76.352941 
1319 76.411765 
1320 76.470588 
1321 76.529412 
1322 76.588235 
1323 76.647059 
1324 76.705882 
1325 76.764706 
1326 76.823530 
1327 76.882353 
1328 76.941177 
1329 77.000000 
1330 77.058824 
1331 77.117647 
1332 77.176471 
1333 77.235294 
1334 77.294118 
1335 77.352941 
1336 77.411765 
1337 77.470588 
1338 77.529412 
1339 77.588235 
1340 77.647059 
1341 77.705882 
1342 77.764706 
1343 77.823530 
1344 77.882353 
1345 77.941177 
1346 78.000000 
1347 78.058824 
1348 78.117647 
1349 78.176471 
1350 78.235294 
1351 78.294118 
1352 78.352941 
1353 78.411765 
1354 78.470588 
1355 78.529412 
1356 78.588235 
1357 78.647059 
1358 78.705882 
1359 78.764706 
1360 78.823530 
1361 78.882353 
1362 78.941177 
1363 79.000000 
1364 79.058824 
1365 79.117647 
1366 79.176471 
1367 79.235294 
1368 79.294118 
1369 79.352941 
1370 79.411765 
1371 79.470588 
1372 79.529412 
1373 79.588235 
1374 79.647059 
1375 79.705882 
1376 79.764706 
1377 79.823530 
1378 79.882353 
1379 79.941177 
1380 80.000000 
1381 80.058824 
1382 80.117647 
1383 80.176471 
1384 80.235294 
1385 80.294118 
1386 80.352941 
1387 80.411765 
1388 80.470588 
1389 80.529412 
1390 80.588235 
1391 80.647059 
1392 80.705882 
1393 80.764706 
1394 80.823530 
1395 80.882353 
1396 80.941177 
1397 81.000000 
1398 81.058824 
1399 81.117647 
1400 81.176471 
1401 81.235294 
1402 81.294118 
1403 81.352941 
1404 81.411765 
1405 81.470588 
1406 81.529412 
1407 81.588235 
1408 81.647059 
1409 81.705882 
1410 81.764706 
1411 81.823530 
1412 81.882353 
1413 81.941177 
1414 82.000000 
1415 82.058824 
1416 82.117647 
1417 82.176471 
1418 82.235294 
1419 82.294118 
1420 82.352941 
1421 82.411765 
1422 82.470588 
1423 82.529412 
1424 82.588235 
1425 82.647059 
1426 82.705882 
1427 82.764706 
1428 82.823530 
1429 82.882353 
1430 82.941177 
1431 83.000000 
1432 83.058824 
1433 83.117647 
1434 83.176471 
1435 83.235294 
1436 83.294118 
1437 83.352941 
1438 83.411765 
1439 83.470588 
1440 83.529412 
1441 83.588235 
1442 83.647059 
1443 83.705882 
1444 83.764706 
1445 83.823530 
1446 83.882353 
1447 83.941177 
1448 84.000000 
1449 84.058824 
1450 84.117647 
1451 84.176471 
1452 84.235294 
1453 84.294118 
1454 84.352941 
1455 84.411765 
1456 84.470588 
1457 84.529412 
1458 84.588235 
1459 84.647059 
1460 84.705882 
1461 84.764706 
1462 84.823530 
1463 84.882353 
1464 84.941177 
1465 85.000000 
1466 85.058824 
1467 85.117647 
1468 85.176471 
1469 85.235294 
1470 85.294118 
1471 85.352941 
1472 85.411765 
1473 85.470588 
1474 85.529412 
1475 85.588235 
1476 85.647059 
1477 85.705882 
1478 85.764706 
1479 85.823530 
1480 85.882353 
1481 85.941177 
1482 86.000000 
1483 86.058824 
1484 86.117647 
1485 86.176471 
1486 86.235294 
1487 86.294118 
1488 86.352941 
1489 86.411765 
1490 86.470588 
1491 86.529412 
1492 86.588235 
1493 86.647059 
1494 86.705882 
1495 86.764706 
1496 86.823530 
1497 86.882353 
1498 86.941177 
1499 87.000000 
1500 87.058824 
1501 87.117647 
1502 87.176471 
1503 87.235294 
1504 87.294118 
1505 87.352941 
1506 87.411765 
1507 87.470588 
1508 87.529412 
1509 87.588235 
1510 87.647059 
1511 87.705882 
1512 87.764706 
1513 87.823530 
1514 87.882353 
1515 87.941177 
1516 88.000000 
1517 88.058824 
1518 88.117647 
1519 88.176471 
1520 88.235294 
1521 88.294118 
1522 88.352941 
1523 88.411765 
1524 88.470588 
1525 88.529412 
1526 88.588235 
1527 88.647059 
1528 88.705882 
1529 88.764706 
1530 88.823530 
1531 88.882353 
1532 88.941177 
1533 89.000000 
1534 89.058824 
1535 89.117647 
1536 89.176471 
1537 89.235294 
1538 89.294118 
1539 89.352941 
1540 89.411765 
1541 89.470588 
1542 89.529412 
1543 89.588235 
1544 89.647059 
1545 89.705882 
1546 89.764706 
1547 89.823530 
1548 89.882353 
1549 89.941177 
1550 90.000000 
1551 90.058824 
1552 90.117647 
1553 90.176471 
1554 90.235294 
1555 90.294118 
1556 90.352941 
1557 90.411765 
1558 90.470588 
1559 90.529412 
1560 90.588235 
1561 90.647059 
1562 90.705882 
1563 90.764706 
1564 90.823530 
1565 90.882353 
1566 90.941177 
1567 91.000000 
1568 91.058824 
1569 91.117647 
1570 91.176471 
1571 91.235294 
1572 91.294118 
1573 91.352941 
1574 91.411765 
1575 91.470588 
1576 91.529412 
1577 91.588235 
1578 91.647059 
1579 91.705882 
1580 91.764706 
1581 91.823530 
1582 91.882353 
1583 91.941177 
1584 92.000000 
1585 92.058824 
1586 92.117647 
1587 92.176471 
1588 92.235294 
1589 92.294118 
1590 92.352941 
1591 92.411765 
1592 92.470588 
1593 92.529412 
1594 92.588235 
1595 92.647059 
1596 92.705882 
1597 92.764706 
1598 92.823530 
1599 92.882353 
1600 92.941177 
1601 93.000000 
1602 93.058824 
1603 93.117647 
1604 93.176471 
1605 93.235294 
1606 93.294118 
1607 93.352941 
1608 93.411765 
1609 93.470588 
1610 93.529412 
1611 93.588235 
1612 93.647059 
1613 93.705882 
1614 93.764706 
1615 93.823530 
1616 93.882353 
1617 93.941177 
1618 94.000000 
1619 94.058824 
1620 94.117647 
1621 94.176471 
1622 94.235294 
1623 94.294118 
1624 94.352941 
1625 94.411765 
1626 94.470588 
1627 94.529412 
1628 94.588235 
1629 94.647059 
1630 94.705882 
1631 94.764706 
1632 94.823530 
1633 94.882353 
1634 94.941177 
1635 95.000000 
1636 95.058824 
1637 95.117647 
1638 95.176471 
1639 95.235294 
1640 95.294118 
1641 95.352941 
1642 95.411765 
1643 95.470588 
1644 95.529412 
1645 95.588235 
1646 95.647059 
1647 95.705882 
1648 95.764706 
1649 95.823530 
1650 95.882353 
1651 95.941177 
1652 96.000000 
1653 96.058824 
1654 96.117647 
1655 96.176471 
1656 96.235294 
1657 96.294118 
1658 96.352941 
1659 96.411765 
1660 96.470588 
1661 96.529412 
1662 96.588235 
1663 96.647059 
1664 96.705882 
1665 96.764706 
1666 96.823530 
1667 96.882353 
1668 96.941177 
1669 97.000000 
1670 97.058824 
1671 97.117647 
1672 97.176471 
1673 97.235294 
1674 97.294118 
1675 97.352941 
1676 97.411765 
1677 97.470588 
1678 97.529412 
1679 97.588235 
1680 97.647059 
1681 97.705882 
1682 97.764706 
1683 97.823530 
1684 97.882353 
1685 97.941177 
1686 98.000000 
1687 98.058824 
1688 98.117647 
1689 98.176471 
1690 98.235294 
1691 98.294118 
1692 98.352941 
1693 98.411765 
1694 98.470588 
1695 98.529412 
1696 98.588235 
1697 98.647059 
1698 98.705882 
1699 98.764706 
1700 98.823530 
1701 98.882353 
1702 98.941177 
1703 99.000000 
1704 99.058824 
1705 99.117647 
1706 99.176471 
1707 99.235294 
1708 99.294118 
1709 99.352941 
1710 99.411765 
1711 99.470588 
1712 99.529412 
1713 99.588235 
1714 99.647059 
1715 99.705882 
1716 99.764706 
1717 99.823530 
1718 99.882353 
1719 99.941177 
1720 100.000000 
1721 100.058824 
1722 100.117647 
1723 100.176471 
1724 100.235294 
1725 100.294118 
1726 100.352941 
1727 100.411765 
1728 100.470588 
1729 100.529412 
1730 100.588235 
1731 100.647059 
1732 100.705882 
1733 100.764706 
1734 100.823530 
1735 100.882353 
1736 100.941177 
1737 101.000000 
1738 101.058824 
1739 101.117647 
1740 101.176471 
1741 101.235294 
1742 101.294118 
1743 101.352941 
1744 101.411765 
1745 101.470588 
1746 101.529412 
1747 101.588235 
1748 101.647059 
1749 101.705882 
1750 101.764706 
1751 101.823530 
1752 101.882353 
1753 101.941177 
1754 102.000000 
1755 102.058824 
1756 102.117647 
1757 102.176471 
1758 102.235294 
1759 102.294118 
1760 102.352941 
1761 102.411765 
1762 102.470588 
1763 102.529412 
1764 102.588235 
1765 102.647059 
1766 102.705882 
1767 102.764706 
1768 102.823530 
1769 102.882353 
1770 102.941177 
1771 103.000000 
1772 103.058824 
1773 103.117647 
1774 103.176471 
1775 103.235294 
1776 103.294118 
1777 103.352941 
1778 103.411765 
1779 103.470588 
1780 103.529412 
1781 103.588235 
1782 103.647059 
1783 103.705882 
1784 103.764706 
1785 103.823530 
1786 103.882353 
1787 103.941177 
1788 104.000000 
1789 104.058824 
1790 104.117647 
1791 104.176471 
1792 104.235294 
1793 104.294118 
1794 104.352941 
1795 104.411765 
1796 104.470588 
1797 104.529412 
1798 104.588235 
1799 104.647059 
1800 104.705882 
1801 104.764706 
1802 104.823530 
1803 104.882353 
1804 104.941177 
1805 105.000000 
1806 105.058824 
1807 105.117647 
1808 105.176471 
1809 105.235294 
1810 105.294118 
1811 105.352941 
1812 105.411765 
1813 105.470588 
1814 105.529412 
1815 105.588235 
1816 105.647059 
1817 105.705882 
1818 105.764706 
1819 105.823530 
1820 105.882353 
1821 105.941177 
1822 106.000000 
1823 106.058824 
1824 106.117647 
1825 106.176471 
1826 106.235294 
1827 106.294118 
1828 106.352941 
1829 106.411765 
1830 106.470588 
1831 106.529412 
1832 106.588235 
1833 106.647059 
1834 106.705882 
1835 106.764706 
1836 106.823530 
1837 106.882353 
1838 106.941177 
1839 107.000000 
1840 107.058824 
1841 107.117647 
1842 107.176471 
1843 107.235294 
1844 107.294118 
1845 107.352941 
1846 107.411765 
1847 107.470588 
1848 107.529412 
1849 107.588235 
1850 107.647059 
1851 107.705882 
1852 107.764706 
1853 107.823530 
1854 107.882353 
1855 107.941177 
1856 108.000000 
1857 108.058824 
1858 108.117647 
1859 108.176471 
1860 108.235294 
1861 108.294118 
1862 108.352941 
1863 108.411765 
1864 108.470588 
1865 108.529412 
1866 108.588235 
1867 108.647059 
1868 108.705882 
1869 108.764706 
1870 108.823530 
1871 108.882353 
1872 108.941177 
1873 109.000000 
1874 109.058824 
1875 109.117647 
1876 109.176471 
1877 109.235294 
1878 109.294118 
1879 109.352941 
1880 109.411765 
1881 109.470588 
1882 109.529412 
1883 109.588235 
1884 109.647059 
1885 109.705882 
1886 109.764706 
1887 109.823530 
1888 109.882353 
1889 109.941177 
1890 110.000000 
1891 110.058824 
1892 110.117647 
1893 110.176471 
1894 110.235294 
1895 110.294118 
1896 110.352941 
1897 110.411765 
1898 110.470588 
1899 110.529412 
1900 110.588235 
1901 110.647059 
1902 110.705883 
1903 110.764706 
1904 110.823530 
1905 110.882353 
1906 110.941177 
1907 111.000000 
1908 111.058824 
1909 111.117647 
1910 111.176471 
1911 111.235294 
1912 111.294118 
1913 111.352941 
1914 111.411765 
1915 111.470588 
1916 111.529412 
1917 111.588235 
1918 111.647059 
1919 111.705883 
1920 111.764706 
1921 111.823530 
1922 111.882353 
1923 111.941177 
1924 112.000000 
1925 112.058824 
1926 112.117647 
1927 112.176471 
1928 112.235294 
1929 112.294118 
1930 112.352941 
1931 112.411765 
1932 112.470588 
1933 112.529412 
1934 112.588235 
1935 112.647059 
1936 112.705883 
1937 112.764706 
1938 112.823530 
1939 112.882353 
1940 112.941177 
1941 113.000000 
1942 113.058824 
1943 113.117647 
1944 113.176471 
1945 113.235294 
1946 113.294118 
1947 113.352941 
1948 113.411765 
1949 113.470588 
1950 113.529412 
1951 113.588235 
1952 113.647059 
1953 113.705883 
1954 113.764706 
1955 113.823530 
1956 113.882353 
1957 113.941177 
1958 114.000000 
1959 114.058824 
1960 114.117647 
1961 114.176471 
1962 114.235294 
1963 114.294118 
1964 114.352941 
1965 114.411765 
1966 114.470588 
1967 114.529412 
1968 114.588235 
1969 114.647059 
1970 114.705883 
1971 114.764706 
1972 114.823530 
1973 114.882353 
1974 114.941177 
1975 115.000000 
1976 115.058824 
1977 115.117647 
1978 115.176471 
1979 115.235294 
1980 115.294118 
1981 115.352941 
1982 115.411765 
1983 115.470588 
1984 115.529412 
1985 115.588235 
1986 115.647059 
1987 115.705883 
1988 115.764706 
1989 115.823530 
1990 115.882353 
1991 115.941177 
1992 116.000000 
1993 116.058824 
1994 116.117647 
1995 116.176471 
1996 116.235294 
1997 116.294118 
1998 116.352941 
1999 116.411765 
2000 116.470588 
2001 116.529412 
2002 116.588235 
2003 116.647059 
2004 116.705883 
2005 116.764706 
2006 116.823530 
2007 116.882353 
2008 116.941177 
2009 117.000000 
2010 117.058824 
2011 117.117647 
2012 117.176471 
2013 117.235294 
2014 117.294118 
2015 117.352941 
2016 117.411765 
2017 117.470588 
2018 117.529412 
2019 117.588235 
2020 117.647059 
2021 117.705883 
2022 117.764706 
2023 117.823530 
2024 117.882353 
2025 117.941177 
2026 118.000000 
2027 118.058824 
2028 118.117647 
2029 118.176471 
2030 118.235294 
2031 118.294118 
2032 118.352941 
2033 118.411765 
2034 118.470588 
2035 118.529412 
2036 118.588235 
2037 118.647059 
2038 118.705883 
2039 118.764706 
2040 118.823530 
2041 118.882353 
2042 118.941177 
2043 119.000000 
2044 119.058824 
2045 119.117647 
2046 119.176471 
2047 119.235294 
