0 -1.176471 
1 -1.117647 
2 -1.058824 
3 -1.000000 
4 -0.941176 
5 -0.882353 
6 -0.823529 
7 -0.764706 
8 -0.705882 
9 -0.647059 
10 -0.588235 
11 -0.529412 
12 -0.470588 
13 -0.411765 
14 -0.352941 
15 -0.294118 
16 -0.235294 
17 -0.176471 
18 -0.117647 
19 -0.058824 
20 0.000000 
21 0.058824 
22 0.117647 
23 0.176471 
24 0.235294 
25 0.294118 
26 0.352941 
27 0.411765 
28 0.470588 
29 0.529412 
30 0.588235 
31 0.647059 
32 0.705882 
33 0.764706 
34 0.823529 
35 0.882353 
36 0.941176 
37 1.000000 
38 1.058824 
39 1.117647 
40 1.176471 
41 1.235294 
42 1.294118 
43 1.352941 
44 1.411765 
45 1.470588 
46 1.529412 
47 1.588235 
48 1.647059 
49 1.705882 
50 1.764706 
51 1.823529 
52 1.882353 
53 1.941176 
54 2.000000 
55 2.058823 
56 2.117647 
57 2.176471 
58 2.235294 
59 2.294118 
60 2.352941 
61 2.411765 
62 2.470588 
63 2.529412 
64 2.588235 
65 2.647059 
66 2.705882 
67 2.764706 
68 2.823529 
69 2.882353 
70 2.941176 
71 3.000000 
72 3.058823 
73 3.117647 
74 3.176471 
75 3.235294 
76 3.294118 
77 3.352941 
78 3.411765 
79 3.470588 
80 3.529412 
81 3.588235 
82 3.647059 
83 3.705882 
84 3.764706 
85 3.823529 
86 3.882353 
87 3.941176 
88 4.000000 
89 4.058823 
90 4.117647 
91 4.176470 
92 4.235294 
93 4.294118 
94 4.352941 
95 4.411765 
96 4.470588 
97 4.529412 
98 4.588235 
99 4.647059 
100 4.705882 
101 4.764706 
102 4.823529 
103 4.882353 
104 4.941176 
105 5.000000 
106 5.058823 
107 5.117647 
108 5.176470 
109 5.235294 
110 5.294118 
111 5.352941 
112 5.411765 
113 5.470588 
114 5.529412 
115 5.588235 
116 5.647059 
117 5.705882 
118 5.764706 
119 5.823529 
120 5.882353 
121 5.941176 
122 6.000000 
123 6.058823 
124 6.117647 
125 6.176470 
126 6.235294 
127 6.294117 
128 6.352941 
129 6.411765 
130 6.470588 
131 6.529412 
132 6.588235 
133 6.647059 
134 6.705882 
135 6.764706 
136 6.823529 
137 6.882353 
138 6.941176 
139 7.000000 
140 7.058823 
141 7.117647 
142 7.176470 
143 7.235294 
144 7.294117 
145 7.352941 
146 7.411765 
147 7.470588 
148 7.529412 
149 7.588235 
150 7.647059 
151 7.705882 
152 7.764706 
153 7.823529 
154 7.882353 
155 7.941176 
156 8.000000 
157 8.058823 
158 8.117647 
159 8.176470 
160 8.235294 
161 8.294117 
162 8.352941 
163 8.411765 
164 8.470588 
165 8.529412 
166 8.588235 
167 8.647059 
168 8.705882 
169 8.764706 
170 8.823529 
171 8.882353 
172 8.941176 
173 9.000000 
174 9.058823 
175 9.117647 
176 9.176470 
177 9.235294 
178 9.294117 
179 9.352941 
180 9.411764 
181 9.470588 
182 9.529412 
183 9.588235 
184 9.647059 
185 9.705882 
186 9.764706 
187 9.823529 
188 9.882353 
189 9.941176 
190 10.000000 
191 10.058823 
192 10.117647 
193 10.176470 
194 10.235294 
195 10.294117 
196 10.352941 
197 10.411764 
198 10.470588 
199 10.529412 
200 10.588235 
201 10.647059 
202 10.705882 
203 10.764706 
204 10.823529 
205 10.882353 
206 10.941176 
207 11.000000 
208 11.058823 
209 11.117647 
210 11.176470 
211 11.235294 
212 11.294117 
213 11.352941 
214 11.411764 
215 11.470588 
216 11.529411 
217 11.588235 
218 11.647059 
219 11.705882 
220 11.764706 
221 11.823529 
222 11.882353 
223 11.941176 
224 12.000000 
225 12.058823 
226 12.117647 
227 12.176470 
228 12.235294 
229 12.294117 
230 12.352941 
231 12.411764 
232 12.470588 
233 12.529411 
234 12.588235 
235 12.647059 
236 12.705882 
237 12.764706 
238 12.823529 
239 12.882353 
240 12.941176 
241 13.000000 
242 13.058823 
243 13.117647 
244 13.176470 
245 13.235294 
246 13.294117 
247 13.352941 
248 13.411764 
249 13.470588 
250 13.529411 
251 13.588235 
252 13.647058 
253 13.705882 
254 13.764706 
255 13.823529 
256 13.882353 
257 13.941176 
258 14.000000 
259 14.058823 
260 14.117647 
261 14.176470 
262 14.235294 
263 14.294117 
264 14.352941 
265 14.411764 
266 14.470588 
267 14.529411 
268 14.588235 
269 14.647058 
270 14.705882 
271 14.764706 
272 14.823529 
273 14.882353 
274 14.941176 
275 15.000000 
276 15.058823 
277 15.117647 
278 15.176470 
279 15.235294 
280 15.294117 
281 15.352941 
282 15.411764 
283 15.470588 
284 15.529411 
285 15.588235 
286 15.647058 
287 15.705882 
288 15.764706 
289 15.823529 
290 15.882353 
291 15.941176 
292 16.000000 
293 16.058823 
294 16.117647 
295 16.176470 
296 16.235294 
297 16.294117 
298 16.352941 
299 16.411764 
300 16.470588 
301 16.529411 
302 16.588235 
303 16.647058 
304 16.705882 
305 16.764705 
306 16.823529 
307 16.882353 
308 16.941176 
309 17.000000 
310 17.058823 
311 17.117647 
312 17.176470 
313 17.235294 
314 17.294117 
315 17.352941 
316 17.411764 
317 17.470588 
318 17.529411 
319 17.588235 
320 17.647058 
321 17.705882 
322 17.764705 
323 17.823529 
324 17.882353 
325 17.941176 
326 18.000000 
327 18.058823 
328 18.117647 
329 18.176470 
330 18.235294 
331 18.294117 
332 18.352941 
333 18.411764 
334 18.470588 
335 18.529411 
336 18.588235 
337 18.647058 
338 18.705882 
339 18.764705 
340 18.823529 
341 18.882352 
342 18.941176 
343 19.000000 
344 19.058823 
345 19.117647 
346 19.176470 
347 19.235294 
348 19.294117 
349 19.352941 
350 19.411764 
351 19.470588 
352 19.529411 
353 19.588235 
354 19.647058 
355 19.705882 
356 19.764705 
357 19.823529 
358 19.882352 
359 19.941176 
360 20.000000 
361 20.058823 
362 20.117647 
363 20.176470 
364 20.235294 
365 20.294117 
366 20.352941 
367 20.411764 
368 20.470588 
369 20.529411 
370 20.588235 
371 20.647058 
372 20.705882 
373 20.764705 
374 20.823529 
375 20.882352 
376 20.941176 
377 21.000000 
378 21.058823 
379 21.117647 
380 21.176470 
381 21.235294 
382 21.294117 
383 21.352941 
384 21.411764 
385 21.470588 
386 21.529411 
387 21.588235 
388 21.647058 
389 21.705882 
390 21.764705 
391 21.823529 
392 21.882352 
393 21.941176 
394 21.999999 
395 22.058823 
396 22.117647 
397 22.176470 
398 22.235294 
399 22.294117 
400 22.352941 
401 22.411764 
402 22.470588 
403 22.529411 
404 22.588235 
405 22.647058 
406 22.705882 
407 22.764705 
408 22.823529 
409 22.882352 
410 22.941176 
411 22.999999 
412 23.058823 
413 23.117647 
414 23.176470 
415 23.235294 
416 23.294117 
417 23.352941 
418 23.411764 
419 23.470588 
420 23.529411 
421 23.588235 
422 23.647058 
423 23.705882 
424 23.764705 
425 23.823529 
426 23.882352 
427 23.941176 
428 23.999999 
429 24.058823 
430 24.117646 
431 24.176470 
432 24.235294 
433 24.294117 
434 24.352941 
435 24.411764 
436 24.470588 
437 24.529411 
438 24.588235 
439 24.647058 
440 24.705882 
441 24.764705 
442 24.823529 
443 24.882352 
444 24.941176 
445 24.999999 
446 25.058823 
447 25.117646 
448 25.176470 
449 25.235294 
450 25.294117 
451 25.352941 
452 25.411764 
453 25.470588 
454 25.529411 
455 25.588235 
456 25.647058 
457 25.705882 
458 25.764705 
459 25.823529 
460 25.882352 
461 25.941176 
462 25.999999 
463 26.058823 
464 26.117646 
465 26.176470 
466 26.235293 
467 26.294117 
468 26.352941 
469 26.411764 
470 26.470588 
471 26.529411 
472 26.588235 
473 26.647058 
474 26.705882 
475 26.764705 
476 26.823529 
477 26.882352 
478 26.941176 
479 26.999999 
480 27.058823 
481 27.117646 
482 27.176470 
483 27.235293 
484 27.294117 
485 27.352941 
486 27.411764 
487 27.470588 
488 27.529411 
489 27.588235 
490 27.647058 
491 27.705882 
492 27.764705 
493 27.823529 
494 27.882352 
495 27.941176 
496 27.999999 
497 28.058823 
498 28.117646 
499 28.176470 
500 28.235293 
501 28.294117 
502 28.352941 
503 28.411764 
504 28.470588 
505 28.529411 
506 28.588235 
507 28.647058 
508 28.705882 
509 28.764705 
510 28.823529 
511 28.882352 
512 28.941176 
513 28.999999 
514 29.058823 
515 29.117646 
516 29.176470 
517 29.235293 
518 29.294117 
519 29.352940 
520 29.411764 
521 29.470588 
522 29.529411 
523 29.588235 
524 29.647058 
525 29.705882 
526 29.764705 
527 29.823529 
528 29.882352 
529 29.941176 
530 29.999999 
531 30.058823 
532 30.117646 
533 30.176470 
534 30.235293 
535 30.294117 
536 30.352940 
537 30.411764 
538 30.470588 
539 30.529411 
540 30.588235 
541 30.647058 
542 30.705882 
543 30.764705 
544 30.823529 
545 30.882352 
546 30.941176 
547 30.999999 
548 31.058823 
549 31.117646 
550 31.176470 
551 31.235293 
552 31.294117 
553 31.352940 
554 31.411764 
555 31.470587 
556 31.529411 
557 31.588235 
558 31.647058 
559 31.705882 
560 31.764705 
561 31.823529 
562 31.882352 
563 31.941176 
564 31.999999 
565 32.058823 
566 32.117646 
567 32.176470 
568 32.235293 
569 32.294117 
570 32.352940 
571 32.411764 
572 32.470587 
573 32.529411 
574 32.588235 
575 32.647058 
576 32.705882 
577 32.764705 
578 32.823529 
579 32.882352 
580 32.941176 
581 32.999999 
582 33.058823 
583 33.117646 
584 33.176470 
585 33.235293 
586 33.294117 
587 33.352940 
588 33.411764 
589 33.470587 
590 33.529411 
591 33.588234 
592 33.647058 
593 33.705882 
594 33.764705 
595 33.823529 
596 33.882352 
597 33.941176 
598 33.999999 
599 34.058823 
600 34.117646 
601 34.176470 
602 34.235293 
603 34.294117 
604 34.352940 
605 34.411764 
606 34.470587 
607 34.529411 
608 34.588234 
609 34.647058 
610 34.705882 
611 34.764705 
612 34.823529 
613 34.882352 
614 34.941176 
615 34.999999 
616 35.058823 
617 35.117646 
618 35.176470 
619 35.235293 
620 35.294117 
621 35.352940 
622 35.411764 
623 35.470587 
624 35.529411 
625 35.588234 
626 35.647058 
627 35.705882 
628 35.764705 
629 35.823529 
630 35.882352 
631 35.941176 
632 35.999999 
633 36.058823 
634 36.117646 
635 36.176470 
636 36.235293 
637 36.294117 
638 36.352940 
639 36.411764 
640 36.470587 
641 36.529411 
642 36.588234 
643 36.647058 
644 36.705881 
645 36.764705 
646 36.823529 
647 36.882352 
648 36.941176 
649 36.999999 
650 37.058823 
651 37.117646 
652 37.176470 
653 37.235293 
654 37.294117 
655 37.352940 
656 37.411764 
657 37.470587 
658 37.529411 
659 37.588234 
660 37.647058 
661 37.705881 
662 37.764705 
663 37.823529 
664 37.882352 
665 37.941176 
666 37.999999 
667 38.058823 
668 38.117646 
669 38.176470 
670 38.235293 
671 38.294117 
672 38.352940 
673 38.411764 
674 38.470587 
675 38.529411 
676 38.588234 
677 38.647058 
678 38.705881 
679 38.764705 
680 38.823528 
681 38.882352 
682 38.941176 
683 38.999999 
684 39.058823 
685 39.117646 
686 39.176470 
687 39.235293 
688 39.294117 
689 39.352940 
690 39.411764 
691 39.470587 
692 39.529411 
693 39.588234 
694 39.647058 
695 39.705881 
696 39.764705 
697 39.823528 
698 39.882352 
699 39.941176 
700 39.999999 
701 40.058823 
702 40.117646 
703 40.176470 
704 40.235293 
705 40.294117 
706 40.352940 
707 40.411764 
708 40.470587 
709 40.529411 
710 40.588234 
711 40.647058 
712 40.705881 
713 40.764705 
714 40.823528 
715 40.882352 
716 40.941175 
717 40.999999 
718 41.058823 
719 41.117646 
720 41.176470 
721 41.235293 
722 41.294117 
723 41.352940 
724 41.411764 
725 41.470587 
726 41.529411 
727 41.588234 
728 41.647058 
729 41.705881 
730 41.764705 
731 41.823528 
732 41.882352 
733 41.941175 
734 41.999999 
735 42.058823 
736 42.117646 
737 42.176470 
738 42.235293 
739 42.294117 
740 42.352940 
741 42.411764 
742 42.470587 
743 42.529411 
744 42.588234 
745 42.647058 
746 42.705881 
747 42.764705 
748 42.823528 
749 42.882352 
750 42.941175 
751 42.999999 
752 43.058823 
753 43.117646 
754 43.176470 
755 43.235293 
756 43.294117 
757 43.352940 
758 43.411764 
759 43.470587 
760 43.529411 
761 43.588234 
762 43.647058 
763 43.705881 
764 43.764705 
765 43.823528 
766 43.882352 
767 43.941175 
768 43.999999 
769 44.058822 
770 44.117646 
771 44.176470 
772 44.235293 
773 44.294117 
774 44.352940 
775 44.411764 
776 44.470587 
777 44.529411 
778 44.588234 
779 44.647058 
780 44.705881 
781 44.764705 
782 44.823528 
783 44.882352 
784 44.941175 
785 44.999999 
786 45.058822 
787 45.117646 
788 45.176470 
789 45.235293 
790 45.294117 
791 45.352940 
792 45.411764 
793 45.470587 
794 45.529411 
795 45.588234 
796 45.647058 
797 45.705881 
798 45.764705 
799 45.823528 
800 45.882352 
801 45.941175 
802 45.999999 
803 46.058822 
804 46.117646 
805 46.176469 
806 46.235293 
807 46.294117 
808 46.352940 
809 46.411764 
810 46.470587 
811 46.529411 
812 46.588234 
813 46.647058 
814 46.705881 
815 46.764705 
816 46.823528 
817 46.882352 
818 46.941175 
819 46.999999 
820 47.058822 
821 47.117646 
822 47.176469 
823 47.235293 
824 47.294117 
825 47.352940 
826 47.411764 
827 47.470587 
828 47.529411 
829 47.588234 
830 47.647058 
831 47.705881 
832 47.764705 
833 47.823528 
834 47.882352 
835 47.941175 
836 47.999999 
837 48.058822 
838 48.117646 
839 48.176469 
840 48.235293 
841 48.294117 
842 48.352940 
843 48.411764 
844 48.470587 
845 48.529411 
846 48.588234 
847 48.647058 
848 48.705881 
849 48.764705 
850 48.823528 
851 48.882352 
852 48.941175 
853 48.999999 
854 49.058822 
855 49.117646 
856 49.176469 
857 49.235293 
858 49.294116 
859 49.352940 
860 49.411764 
861 49.470587 
862 49.529411 
863 49.588234 
864 49.647058 
865 49.705881 
866 49.764705 
867 49.823528 
868 49.882352 
869 49.941175 
870 49.999999 
871 50.058822 
872 50.117646 
873 50.176469 
874 50.235293 
875 50.294116 
876 50.352940 
877 50.411764 
878 50.470587 
879 50.529411 
880 50.588234 
881 50.647058 
882 50.705881 
883 50.764705 
884 50.823528 
885 50.882352 
886 50.941175 
887 50.999999 
888 51.058822 
889 51.117646 
890 51.176469 
891 51.235293 
892 51.294116 
893 51.352940 
894 51.411763 
895 51.470587 
896 51.529411 
897 51.588234 
898 51.647058 
899 51.705881 
900 51.764705 
901 51.823528 
902 51.882352 
903 51.941175 
904 51.999999 
905 52.058822 
906 52.117646 
907 52.176469 
908 52.235293 
909 52.294116 
910 52.352940 
911 52.411763 
912 52.470587 
913 52.529411 
914 52.588234 
915 52.647058 
916 52.705881 
917 52.764705 
918 52.823528 
919 52.882352 
920 52.941175 
921 52.999999 
922 53.058822 
923 53.117646 
924 53.176469 
925 53.235293 
926 53.294116 
927 53.352940 
928 53.411763 
929 53.470587 
930 53.529410 
931 53.588234 
932 53.647058 
933 53.705881 
934 53.764705 
935 53.823528 
936 53.882352 
937 53.941175 
938 53.999999 
939 54.058822 
940 54.117646 
941 54.176469 
942 54.235293 
943 54.294116 
944 54.352940 
945 54.411763 
946 54.470587 
947 54.529410 
948 54.588234 
949 54.647058 
950 54.705881 
951 54.764705 
952 54.823528 
953 54.882352 
954 54.941175 
955 54.999999 
956 55.058822 
957 55.117646 
958 55.176469 
959 55.235293 
960 55.294116 
961 55.352940 
962 55.411763 
963 55.470587 
964 55.529410 
965 55.588234 
966 55.647058 
967 55.705881 
968 55.764705 
969 55.823528 
970 55.882352 
971 55.941175 
972 55.999999 
973 56.058822 
974 56.117646 
975 56.176469 
976 56.235293 
977 56.294116 
978 56.352940 
979 56.411763 
980 56.470587 
981 56.529410 
982 56.588234 
983 56.647057 
984 56.705881 
985 56.764705 
986 56.823528 
987 56.882352 
988 56.941175 
989 56.999999 
990 57.058822 
991 57.117646 
992 57.176469 
993 57.235293 
994 57.294116 
995 57.352940 
996 57.411763 
997 57.470587 
998 57.529410 
999 57.588234 
1000 57.647057 
1001 57.705881 
1002 57.764705 
1003 57.823528 
1004 57.882352 
1005 57.941175 
1006 57.999999 
1007 58.058822 
1008 58.117646 
1009 58.176469 
1010 58.235293 
1011 58.294116 
1012 58.352940 
1013 58.411763 
1014 58.470587 
1015 58.529410 
1016 58.588234 
1017 58.647057 
1018 58.705881 
1019 58.764704 
1020 58.823528 
1021 58.882352 
1022 58.941175 
1023 58.999999 
1024 59.058822 
1025 59.117646 
1026 59.176469 
1027 59.235293 
1028 59.294116 
1029 59.352940 
1030 59.411763 
1031 59.470587 
1032 59.529410 
1033 59.588234 
1034 59.647057 
1035 59.705881 
1036 59.764704 
1037 59.823528 
1038 59.882352 
1039 59.941175 
1040 59.999999 
1041 60.058822 
1042 60.117646 
1043 60.176469 
1044 60.235293 
1045 60.294116 
1046 60.352940 
1047 60.411763 
1048 60.470587 
1049 60.529410 
1050 60.588234 
1051 60.647057 
1052 60.705881 
1053 60.764704 
1054 60.823528 
1055 60.882351 
1056 60.941175 
1057 60.999999 
1058 61.058822 
1059 61.117646 
1060 61.176469 
1061 61.235293 
1062 61.294116 
1063 61.352940 
1064 61.411763 
1065 61.470587 
1066 61.529410 
1067 61.588234 
1068 61.647057 
1069 61.705881 
1070 61.764704 
1071 61.823528 
1072 61.882351 
1073 61.941175 
1074 61.999999 
1075 62.058822 
1076 62.117646 
1077 62.176469 
1078 62.235293 
1079 62.294116 
1080 62.352940 
1081 62.411763 
1082 62.470587 
1083 62.529410 
1084 62.588234 
1085 62.647057 
1086 62.705881 
1087 62.764704 
1088 62.823528 
1089 62.882351 
1090 62.941175 
1091 62.999999 
1092 63.058822 
1093 63.117646 
1094 63.176469 
1095 63.235293 
1096 63.294116 
1097 63.352940 
1098 63.411763 
1099 63.470587 
1100 63.529410 
1101 63.588234 
1102 63.647057 
1103 63.705881 
1104 63.764704 
1105 63.823528 
1106 63.882351 
1107 63.941175 
1108 63.999998 
1109 64.058822 
1110 64.117646 
1111 64.176469 
1112 64.235293 
1113 64.294116 
1114 64.352940 
1115 64.411763 
1116 64.470587 
1117 64.529410 
1118 64.588234 
1119 64.647057 
1120 64.705881 
1121 64.764704 
1122 64.823528 
1123 64.882351 
1124 64.941175 
1125 64.999998 
1126 65.058822 
1127 65.117646 
1128 65.176469 
1129 65.235293 
1130 65.294116 
1131 65.352940 
1132 65.411763 
1133 65.470587 
1134 65.529410 
1135 65.588234 
1136 65.647057 
1137 65.705881 
1138 65.764704 
1139 65.823528 
1140 65.882351 
1141 65.941175 
1142 65.999998 
1143 66.058822 
1144 66.117645 
1145 66.176469 
1146 66.235293 
1147 66.294116 
1148 66.352940 
1149 66.411763 
1150 66.470587 
1151 66.529410 
1152 66.588234 
1153 66.647057 
1154 66.705881 
1155 66.764704 
1156 66.823528 
1157 66.882351 
1158 66.941175 
1159 66.999998 
1160 67.058822 
1161 67.117645 
1162 67.176469 
1163 67.235293 
1164 67.294116 
1165 67.352940 
1166 67.411763 
1167 67.470587 
1168 67.529410 
1169 67.588234 
1170 67.647057 
1171 67.705881 
1172 67.764704 
1173 67.823528 
1174 67.882351 
1175 67.941175 
1176 67.999998 
1177 68.058822 
1178 68.117645 
1179 68.176469 
1180 68.235292 
1181 68.294116 
1182 68.352940 
1183 68.411763 
1184 68.470587 
1185 68.529410 
1186 68.588234 
1187 68.647057 
1188 68.705881 
1189 68.764704 
1190 68.823528 
1191 68.882351 
1192 68.941175 
1193 68.999998 
1194 69.058822 
1195 69.117645 
1196 69.176469 
1197 69.235292 
1198 69.294116 
1199 69.352940 
1200 69.411763 
1201 69.470587 
1202 69.529410 
1203 69.588234 
1204 69.647057 
1205 69.705881 
1206 69.764704 
1207 69.823528 
1208 69.882351 
1209 69.941175 
1210 69.999998 
1211 70.058822 
1212 70.117645 
1213 70.176469 
1214 70.235292 
1215 70.294116 
1216 70.352940 
1217 70.411763 
1218 70.470587 
1219 70.529410 
1220 70.588234 
1221 70.647057 
1222 70.705881 
1223 70.764704 
1224 70.823528 
1225 70.882351 
1226 70.941175 
1227 70.999998 
1228 71.058822 
1229 71.117645 
1230 71.176469 
1231 71.235292 
1232 71.294116 
1233 71.352939 
1234 71.411763 
1235 71.470587 
1236 71.529410 
1237 71.588234 
1238 71.647057 
1239 71.705881 
1240 71.764704 
1241 71.823528 
1242 71.882351 
1243 71.941175 
1244 71.999998 
1245 72.058822 
1246 72.117645 
1247 72.176469 
1248 72.235292 
1249 72.294116 
1250 72.352939 
1251 72.411763 
1252 72.470587 
1253 72.529410 
1254 72.588234 
1255 72.647057 
1256 72.705881 
1257 72.764704 
1258 72.823528 
1259 72.882351 
1260 72.941175 
1261 72.999998 
1262 73.058822 
1263 73.117645 
1264 73.176469 
1265 73.235292 
1266 73.294116 
1267 73.352939 
1268 73.411763 
1269 73.470586 
1270 73.529410 
1271 73.588234 
1272 73.647057 
1273 73.705881 
1274 73.764704 
1275 73.823528 
1276 73.882351 
1277 73.941175 
1278 73.999998 
1279 74.058822 
1280 74.117645 
1281 74.176469 
1282 74.235292 
1283 74.294116 
1284 74.352939 
1285 74.411763 
1286 74.470586 
1287 74.529410 
1288 74.588234 
1289 74.647057 
1290 74.705881 
1291 74.764704 
1292 74.823528 
1293 74.882351 
1294 74.941175 
1295 74.999998 
1296 75.058822 
1297 75.117645 
1298 75.176469 
1299 75.235292 
1300 75.294116 
1301 75.352939 
1302 75.411763 
1303 75.470586 
1304 75.529410 
1305 75.588233 
1306 75.647057 
1307 75.705881 
1308 75.764704 
1309 75.823528 
1310 75.882351 
1311 75.941175 
1312 75.999998 
1313 76.058822 
1314 76.117645 
1315 76.176469 
1316 76.235292 
1317 76.294116 
1318 76.352939 
1319 76.411763 
1320 76.470586 
1321 76.529410 
1322 76.588233 
1323 76.647057 
1324 76.705881 
1325 76.764704 
1326 76.823528 
1327 76.882351 
1328 76.941175 
1329 76.999998 
1330 77.058822 
1331 77.117645 
1332 77.176469 
1333 77.235292 
1334 77.294116 
1335 77.352939 
1336 77.411763 
1337 77.470586 
1338 77.529410 
1339 77.588233 
1340 77.647057 
1341 77.705881 
1342 77.764704 
1343 77.823528 
1344 77.882351 
1345 77.941175 
1346 77.999998 
1347 78.058822 
1348 78.117645 
1349 78.176469 
1350 78.235292 
1351 78.294116 
1352 78.352939 
1353 78.411763 
1354 78.470586 
1355 78.529410 
1356 78.588233 
1357 78.647057 
1358 78.705880 
1359 78.764704 
1360 78.823528 
1361 78.882351 
1362 78.941175 
1363 78.999998 
1364 79.058822 
1365 79.117645 
1366 79.176469 
1367 79.235292 
1368 79.294116 
1369 79.352939 
1370 79.411763 
1371 79.470586 
1372 79.529410 
1373 79.588233 
1374 79.647057 
1375 79.705880 
1376 79.764704 
1377 79.823528 
1378 79.882351 
1379 79.941175 
1380 79.999998 
1381 80.058822 
1382 80.117645 
1383 80.176469 
1384 80.235292 
1385 80.294116 
1386 80.352939 
1387 80.411763 
1388 80.470586 
1389 80.529410 
1390 80.588233 
1391 80.647057 
1392 80.705880 
1393 80.764704 
1394 80.823527 
1395 80.882351 
1396 80.941175 
1397 80.999998 
1398 81.058822 
1399 81.117645 
1400 81.176469 
1401 81.235292 
1402 81.294116 
1403 81.352939 
1404 81.411763 
1405 81.470586 
1406 81.529410 
1407 81.588233 
1408 81.647057 
1409 81.705880 
1410 81.764704 
1411 81.823527 
1412 81.882351 
1413 81.941175 
1414 81.999998 
1415 82.058822 
1416 82.117645 
1417 82.176469 
1418 82.235292 
1419 82.294116 
1420 82.352939 
1421 82.411763 
1422 82.470586 
1423 82.529410 
1424 82.588233 
1425 82.647057 
1426 82.705880 
1427 82.764704 
1428 82.823527 
1429 82.882351 
1430 82.941175 
1431 82.999998 
1432 83.058822 
1433 83.117645 
1434 83.176469 
1435 83.235292 
1436 83.294116 
1437 83.352939 
1438 83.411763 
1439 83.470586 
1440 83.529410 
1441 83.588233 
1442 83.647057 
1443 83.705880 
1444 83.764704 
1445 83.823527 
1446 83.882351 
1447 83.941174 
1448 83.999998 
1449 84.058822 
1450 84.117645 
1451 84.176469 
1452 84.235292 
1453 84.294116 
1454 84.352939 
1455 84.411763 
1456 84.470586 
1457 84.529410 
1458 84.588233 
1459 84.647057 
1460 84.705880 
1461 84.764704 
1462 84.823527 
1463 84.882351 
1464 84.941174 
1465 84.999998 
1466 85.058822 
1467 85.117645 
1468 85.176469 
1469 85.235292 
1470 85.294116 
1471 85.352939 
1472 85.411763 
1473 85.470586 
1474 85.529410 
1475 85.588233 
1476 85.647057 
1477 85.705880 
1478 85.764704 
1479 85.823527 
1480 85.882351 
1481 85.941174 
1482 85.999998 
1483 86.058821 
1484 86.117645 
1485 86.176469 
1486 86.235292 
1487 86.294116 
1488 86.352939 
1489 86.411763 
1490 86.470586 
1491 86.529410 
1492 86.588233 
1493 86.647057 
1494 86.705880 
1495 86.764704 
1496 86.823527 
1497 86.882351 
1498 86.941174 
1499 86.999998 
1500 87.058821 
1501 87.117645 
1502 87.176469 
1503 87.235292 
1504 87.294116 
1505 87.352939 
1506 87.411763 
1507 87.470586 
1508 87.529410 
1509 87.588233 
1510 87.647057 
1511 87.705880 
1512 87.764704 
1513 87.823527 
1514 87.882351 
1515 87.941174 
1516 87.999998 
1517 88.058821 
1518 88.117645 
1519 88.176468 
1520 88.235292 
1521 88.294116 
1522 88.352939 
1523 88.411763 
1524 88.470586 
1525 88.529410 
1526 88.588233 
1527 88.647057 
1528 88.705880 
1529 88.764704 
1530 88.823527 
1531 88.882351 
1532 88.941174 
1533 88.999998 
1534 89.058821 
1535 89.117645 
1536 89.176468 
1537 89.235292 
1538 89.294116 
1539 89.352939 
1540 89.411763 
1541 89.470586 
1542 89.529410 
1543 89.588233 
1544 89.647057 
1545 89.705880 
1546 89.764704 
1547 89.823527 
1548 89.882351 
1549 89.941174 
1550 89.999998 
1551 90.058821 
1552 90.117645 
1553 90.176468 
1554 90.235292 
1555 90.294116 
1556 90.352939 
1557 90.411763 
1558 90.470586 
1559 90.529410 
1560 90.588233 
1561 90.647057 
1562 90.705880 
1563 90.764704 
1564 90.823527 
1565 90.882351 
1566 90.941174 
1567 90.999998 
1568 91.058821 
1569 91.117645 
1570 91.176468 
1571 91.235292 
1572 91.294115 
1573 91.352939 
1574 91.411763 
1575 91.470586 
1576 91.529410 
1577 91.588233 
1578 91.647057 
1579 91.705880 
1580 91.764704 
1581 91.823527 
1582 91.882351 
1583 91.941174 
1584 91.999998 
1585 92.058821 
1586 92.117645 
1587 92.176468 
1588 92.235292 
1589 92.294115 
1590 92.352939 
1591 92.411763 
1592 92.470586 
1593 92.529410 
1594 92.588233 
1595 92.647057 
1596 92.705880 
1597 92.764704 
1598 92.823527 
1599 92.882351 
1600 92.941174 
1601 92.999998 
1602 93.058821 
1603 93.117645 
1604 93.176468 
1605 93.235292 
1606 93.294115 
1607 93.352939 
1608 93.411762 
1609 93.470586 
1610 93.529410 
1611 93.588233 
1612 93.647057 
1613 93.705880 
1614 93.764704 
1615 93.823527 
1616 93.882351 
1617 93.941174 
1618 93.999998 
1619 94.058821 
1620 94.117645 
1621 94.176468 
1622 94.235292 
1623 94.294115 
1624 94.352939 
1625 94.411762 
1626 94.470586 
1627 94.529410 
1628 94.588233 
1629 94.647057 
1630 94.705880 
1631 94.764704 
1632 94.823527 
1633 94.882351 
1634 94.941174 
1635 94.999998 
1636 95.058821 
1637 95.117645 
1638 95.176468 
1639 95.235292 
1640 95.294115 
1641 95.352939 
1642 95.411762 
1643 95.470586 
1644 95.529409 
1645 95.588233 
1646 95.647057 
1647 95.705880 
1648 95.764704 
1649 95.823527 
1650 95.882351 
1651 95.941174 
1652 95.999998 
1653 96.058821 
1654 96.117645 
1655 96.176468 
1656 96.235292 
1657 96.294115 
1658 96.352939 
1659 96.411762 
1660 96.470586 
1661 96.529409 
1662 96.588233 
1663 96.647057 
1664 96.705880 
1665 96.764704 
1666 96.823527 
1667 96.882351 
1668 96.941174 
1669 96.999998 
1670 97.058821 
1671 97.117645 
1672 97.176468 
1673 97.235292 
1674 97.294115 
1675 97.352939 
1676 97.411762 
1677 97.470586 
1678 97.529409 
1679 97.588233 
1680 97.647057 
1681 97.705880 
1682 97.764704 
1683 97.823527 
1684 97.882351 
1685 97.941174 
1686 97.999998 
1687 98.058821 
1688 98.117645 
1689 98.176468 
1690 98.235292 
1691 98.294115 
1692 98.352939 
1693 98.411762 
1694 98.470586 
1695 98.529409 
1696 98.588233 
1697 98.647056 
1698 98.705880 
1699 98.764704 
1700 98.823527 
1701 98.882351 
1702 98.941174 
1703 98.999998 
1704 99.058821 
1705 99.117645 
1706 99.176468 
1707 99.235292 
1708 99.294115 
1709 99.352939 
1710 99.411762 
1711 99.470586 
1712 99.529409 
1713 99.588233 
1714 99.647056 
1715 99.705880 
1716 99.764704 
1717 99.823527 
1718 99.882351 
1719 99.941174 
1720 99.999998 
1721 100.058821 
1722 100.117645 
1723 100.176468 
1724 100.235292 
1725 100.294115 
1726 100.352939 
1727 100.411762 
1728 100.470586 
1729 100.529409 
1730 100.588233 
1731 100.647056 
1732 100.705880 
1733 100.764703 
1734 100.823527 
1735 100.882351 
1736 100.941174 
1737 100.999998 
1738 101.058821 
1739 101.117645 
1740 101.176468 
1741 101.235292 
1742 101.294115 
1743 101.352939 
1744 101.411762 
1745 101.470586 
1746 101.529409 
1747 101.588233 
1748 101.647056 
1749 101.705880 
1750 101.764703 
1751 101.823527 
1752 101.882351 
1753 101.941174 
1754 101.999998 
1755 102.058821 
1756 102.117645 
1757 102.176468 
1758 102.235292 
1759 102.294115 
1760 102.352939 
1761 102.411762 
1762 102.470586 
1763 102.529409 
1764 102.588233 
1765 102.647056 
1766 102.705880 
1767 102.764703 
1768 102.823527 
1769 102.882350 
1770 102.941174 
1771 102.999998 
1772 103.058821 
1773 103.117645 
1774 103.176468 
1775 103.235292 
1776 103.294115 
1777 103.352939 
1778 103.411762 
1779 103.470586 
1780 103.529409 
1781 103.588233 
1782 103.647056 
1783 103.705880 
1784 103.764703 
1785 103.823527 
1786 103.882350 
1787 103.941174 
1788 103.999998 
1789 104.058821 
1790 104.117645 
1791 104.176468 
1792 104.235292 
1793 104.294115 
1794 104.352939 
1795 104.411762 
1796 104.470586 
1797 104.529409 
1798 104.588233 
1799 104.647056 
1800 104.705880 
1801 104.764703 
1802 104.823527 
1803 104.882350 
1804 104.941174 
1805 104.999998 
1806 105.058821 
1807 105.117645 
1808 105.176468 
1809 105.235292 
1810 105.294115 
1811 105.352939 
1812 105.411762 
1813 105.470586 
1814 105.529409 
1815 105.588233 
1816 105.647056 
1817 105.705880 
1818 105.764703 
1819 105.823527 
1820 105.882350 
1821 105.941174 
1822 105.999997 
1823 106.058821 
1824 106.117645 
1825 106.176468 
1826 106.235292 
1827 106.294115 
1828 106.352939 
1829 106.411762 
1830 106.470586 
1831 106.529409 
1832 106.588233 
1833 106.647056 
1834 106.705880 
1835 106.764703 
1836 106.823527 
1837 106.882350 
1838 106.941174 
1839 106.999997 
1840 107.058821 
1841 107.117645 
1842 107.176468 
1843 107.235292 
1844 107.294115 
1845 107.352939 
1846 107.411762 
1847 107.470586 
1848 107.529409 
1849 107.588233 
1850 107.647056 
1851 107.705880 
1852 107.764703 
1853 107.823527 
1854 107.882350 
1855 107.941174 
1856 107.999997 
1857 108.058821 
1858 108.117644 
1859 108.176468 
1860 108.235292 
1861 108.294115 
1862 108.352939 
1863 108.411762 
1864 108.470586 
1865 108.529409 
1866 108.588233 
1867 108.647056 
1868 108.705880 
1869 108.764703 
1870 108.823527 
1871 108.882350 
1872 108.941174 
1873 108.999997 
1874 109.058821 
1875 109.117644 
1876 109.176468 
1877 109.235292 
1878 109.294115 
1879 109.352939 
1880 109.411762 
1881 109.470586 
1882 109.529409 
1883 109.588233 
1884 109.647056 
1885 109.705880 
1886 109.764703 
1887 109.823527 
1888 109.882350 
1889 109.941174 
1890 109.999997 
1891 110.058821 
1892 110.117644 
1893 110.176468 
1894 110.235292 
1895 110.294115 
1896 110.352939 
1897 110.411762 
1898 110.470586 
1899 110.529409 
1900 110.588233 
1901 110.647056 
1902 110.705880 
1903 110.764703 
1904 110.823527 
1905 110.882350 
1906 110.941174 
1907 110.999997 
1908 111.058821 
1909 111.117644 
1910 111.176468 
1911 111.235291 
1912 111.294115 
1913 111.352939 
1914 111.411762 
1915 111.470586 
1916 111.529409 
1917 111.588233 
1918 111.647056 
1919 111.705880 
1920 111.764703 
1921 111.823527 
1922 111.882350 
1923 111.941174 
1924 111.999997 
1925 112.058821 
1926 112.117644 
1927 112.176468 
1928 112.235291 
1929 112.294115 
1930 112.352939 
1931 112.411762 
1932 112.470586 
1933 112.529409 
1934 112.588233 
1935 112.647056 
1936 112.705880 
1937 112.764703 
1938 112.823527 
1939 112.882350 
1940 112.941174 
1941 112.999997 
1942 113.058821 
1943 113.117644 
1944 113.176468 
1945 113.235291 
1946 113.294115 
1947 113.352938 
1948 113.411762 
1949 113.470586 
1950 113.529409 
1951 113.588233 
1952 113.647056 
1953 113.705880 
1954 113.764703 
1955 113.823527 
1956 113.882350 
1957 113.941174 
1958 113.999997 
1959 114.058821 
1960 114.117644 
1961 114.176468 
1962 114.235291 
1963 114.294115 
1964 114.352938 
1965 114.411762 
1966 114.470586 
1967 114.529409 
1968 114.588233 
1969 114.647056 
1970 114.705880 
1971 114.764703 
1972 114.823527 
1973 114.882350 
1974 114.941174 
1975 114.999997 
1976 115.058821 
1977 115.117644 
1978 115.176468 
1979 115.235291 
1980 115.294115 
1981 115.352938 
1982 115.411762 
1983 115.470585 
1984 115.529409 
1985 115.588233 
1986 115.647056 
1987 115.705880 
1988 115.764703 
1989 115.823527 
1990 115.882350 
1991 115.941174 
1992 115.999997 
1993 116.058821 
1994 116.117644 
1995 116.176468 
1996 116.235291 
1997 116.294115 
1998 116.352938 
1999 116.411762 
2000 116.470585 
2001 116.529409 
2002 116.588233 
2003 116.647056 
2004 116.705880 
2005 116.764703 
2006 116.823527 
2007 116.882350 
2008 116.941174 
2009 116.999997 
2010 117.058821 
2011 117.117644 
2012 117.176468 
2013 117.235291 
2014 117.294115 
2015 117.352938 
2016 117.411762 
2017 117.470585 
2018 117.529409 
2019 117.588233 
2020 117.647056 
2021 117.705880 
2022 117.764703 
2023 117.823527 
2024 117.882350 
2025 117.941174 
2026 117.999997 
2027 118.058821 
2028 118.117644 
2029 118.176468 
2030 118.235291 
2031 118.294115 
2032 118.352938 
2033 118.411762 
2034 118.470585 
2035 118.529409 
2036 118.588232 
2037 118.647056 
2038 118.705880 
2039 118.764703 
2040 118.823527 
2041 118.882350 
2042 118.941174 
2043 118.999997 
2044 119.058821 
2045 119.117644 
2046 119.176468 
2047 119.235291 
